-0.010285337160110836
-0.013199469804973179
-0.0147351487998167
-0.014821310042288293
-0.013387045778643488
-0.010386403786296947
-0.005831173821203097
0.00017657721352775022
0.007421205681111557
0.015566902277218414
0.024171787827029823
0.0327219735457408
0.04068012772524995
0.04753952504127211
0.05287312335440497
0.05636835473199129
0.057841799018555955
0.057232850440960534
0.05458057845956407
0.04999183432784551
0.043610199808186555
0.03559419668797252
0.02610964292940959
0.015336210048504082
0.0034835464469346405
-0.009190817767435895
-0.022370233833565744
-0.035680790811201346
-0.048708581253993195
-0.06102973809664765
-0.07224633106831801
-0.08201897638390719
-0.09008759952690676
-0.09627514191526297
-0.10047420144734191
-0.10262210029481772
-0.10267394760791228
-0.10058451096204894
-0.0963075174048973
-0.08981579106306552
-0.08113878834106118
-0.07040761427732918
-0.05789353760226293
-0.04402583483695532
-0.029378895058241802
-0.01462606386685642
-0.0004667639295275729
0.012458536532659216
0.02364637033280319
0.03278272067711977
0.039757117954876915
0.04463547964752875
0.04759998508924888
0.0488735703532568
0.04865113921421445
0.04705771826671024
0.044145792622343125
0.03993206705509508
0.03446134572179524
0.027875890080092978
0.020465494736136985
0.012677893599821131
0.005080077975596057
-0.001724232867969562
-0.007201546708780966
-0.010991138895989112
-0.012972851895914387
-0.013277326187083178
-0.012230798872784074
-0.01024520467736921
-0.007681368703428543
-0.004723485572922571
-0.0013032763451157029
0.0028986926432249724
0.008366843981460462
0.015595649336662848
0.024903242398382645
0.03626341369491165
0.04920536170158596
0.06281634383592705
0.07585735353446832
0.08697231640254098
0.09494489995655923
0.09894137716000492
0.09867813443713025
0.09446930557815471
0.0871397955076662
0.07782379571150483
0.06769914801837583
0.05772502451289687
0.048449424722177885
0.039934046033277396
0.03181224662059896
0.023459794070476683
0.014227854529441602
0.003671710689854152
-0.008288472661691219
-0.021317709044881922
-0.034737140008373586
-0.04769054796630543
-0.059353344565691635
-0.06911895909745135
-0.07670510637045157
-0.08214769804529336
-0.08568606564343315
-0.0875791158376086
-0.08791697795615122
-0.08649835431767654
-0.08282726281137405
-0.07624782536135839
-0.06619169070127855
-0.05247241008323387
-0.03553713498288475
-0.016586879587794964
0.002495876194878002
0.01942491526692301
0.03194841732012671
0.03835148353804853
0.03789770398800743
0.0310873609391289
0.019647066865387683
0.006229033394440654
-0.00612845660040976
-0.014663939340252648
-0.017526318735092677
-0.01422597864783478
-0.005788122035175078
0.005439148608522968
0.01628751737386603
0.023471815796084528
0.024334483714901604
0.017461206977740198
0.003028729931907935
-0.01719097340043745
-0.04016706443546365
-0.062207838619208346
-0.07968563230104139
-0.08973002674252098
-0.0907436750521298
-0.08264108171177542
-0.06677756650930337
-0.045605913541211546
-0.02215419551218692
0.0005524906091348954
0.020005301958068617
0.03456726601584085
0.04362358821372529
0.047528042601062595
0.04738802137570359
0.0447556576782206
0.04129754542559042
0.03850321024707126
0.03746946684884387
0.03877301367555186
0.04242484569786036
0.04789142759043371
0.05416851814735096
0.05989970168403359
0.06353708036377907
0.06354128518404104
0.05861018864902141
0.04791255160769926
0.03128948742775798
0.009379374001357523
-0.01637420486298396
-0.04385473407610277
-0.07054022130200792
-0.0938676194599552
-0.11162702425471634
-0.12230318304865252
-0.12528709481632844
-0.12090747600240263
-0.11027500493001992
-0.09498016987134067
-0.07672440677933606
-0.056982103905105816
-0.036781803460005175
-0.016660168446900537
0.0032088468183275607
0.022760389473448137
0.04175113038140096
0.05954190623509584
0.07503697564528154
0.08682042960361992
0.09346848373834574
0.09395643676301399
0.08803968300111804
0.07648310615564383
0.06104649565596608
0.044197588194458716
0.028601449044863416
0.016503253926313907
0.009161259816214145
0.006485460813374895
0.006993371116965964
0.008117298682056158
0.00680678667147169
0.00028998115933787886
-0.013189144858523889
-0.03384125841875215
-0.060147236039418295
-0.08907548657654686
-0.1166622619953564
-0.13882888214624925
-0.15225151898154063
-0.15508466311749405
-0.14737304545594623
-0.13106035288125684
-0.10959718920858427
-0.08724078400823189
-0.06820298099955917
-0.05582795575504138
-0.051964879096720644
-0.056650775494311766
-0.06814872934110236
-0.08331289941666918
-0.09819080446627576
-0.10873744737877981
-0.11151008922650477
-0.10423313412628242
-0.0861591927313106
-0.05819257800042869
-0.022775983225129828
0.016433526584288122
0.05505504018117826
0.08858215175542013
0.11301715740053583
0.1254583366352076
0.12455365188019663
0.11074212454569146
0.08622681580689587
0.05466040870659456
0.02057239909978245
-0.011380656270424078
-0.037213564323142614
-0.05430315874570016
-0.06181803247963273
-0.06077591730549543
-0.05369395013788529
-0.04389308132524533
-0.03460910310636206
-0.028123443402008057
-0.025137295370919858
-0.02456507953388392
-0.02382476387793101
-0.019574942173474774
-0.008724233559620102
0.010547446568668318
0.03803682956990182
0.07126068663171578
0.10580095234417232
0.13620103547241316
0.15720852745743946
0.16505002550422723
0.15839398230259305
0.13872363983573607
0.10999239688485458
0.07762829261176883
0.047136799687595786
0.022669530539819713
0.00594759905168497
-0.004155049370996951
-0.011232117499807178
-0.020246053341813834
-0.03598718656992743
-0.06150014489701328
-0.09691110579052055
-0.1389977317587075
-0.18165868454920367
-0.21720711288456773
-0.23818990202887677
-0.23927989330585991
-0.2187476092607773
-0.1791109553385391
-0.12676655685709706
-0.07066919389313424
-0.02037189882931437
0.0160981489817251
0.034012221065166125
0.03293120650343795
0.016674853735982872
-0.007720260660486703
-0.031788832733545686
-0.04771552736879065
-0.05017949552532011
-0.037512831933548596
-0.011912183084161955
0.021305833192423174
0.055172175096747655
0.08284979593928032
0.09926616437439714
0.10218636044059484
0.0924871092220278
0.07361920150395322
0.05046589984872865
0.027954791971090416
0.009821050837600638
-0.002153072188514629
-0.008256547339783758
-0.010354978274866988
-0.010987556442119675
-0.012365905384569166
-0.015593996695837177
-0.020341370937404978
-0.025048734606647652
-0.027573689917395894
-0.026046666017078376
-0.019643636328400247
-0.009010971969027224
0.0038108010004677425
0.015957869329746303
0.024642797281999702
0.028106318361902048
0.0263160552513732
0.02117094989039985
0.016110217215894007
0.0152022021829563
0.021949586246524495
0.03814414834498663
0.06310673710118567
0.09355401229375174
0.12416784050958435
0.14875036746014555
0.16168040902418035
0.15929332096050694
0.1408173284017237
0.10861461479057637
0.06766191421896105
0.02440710101588257
-0.014701992397773358
-0.04464304494426577
-0.06284645512714165
-0.06958219493075896
-0.06763473864176592
-0.06138050998975851
-0.05553380051980629
-0.05390262453376796
-0.05847614498531405
-0.06905939170239647
-0.08351259010550972
-0.09848737489714571
-0.11042504282306694
-0.11652523728692403
-0.11541996362120634
-0.10738749359486394
-0.09408266771647683
-0.07790170893045044
-0.06119970929709289
-0.04561004931639606
-0.031670867935152225
-0.01885981389299192
-0.006006867556506157
0.008064311651428475
0.023887523681999256
0.04092098971272832
0.05748621738048589
0.07111832304339089
0.07923652164652789
0.07993792113793806
0.07267029486714387
0.05856607235126473
0.04031364489492786
0.021575499883790296
0.006096124012935514
-0.003262652261897515
-0.00529209014080348
-0.0007912847995647816
0.007606734594998031
0.016107621950416918
0.02075950966757657
0.018527230113721902
0.00815374461121883
-0.009420742381668287
-0.031197494867806683
-0.052787676799889875
-0.0694459521971202
-0.07721009275033648
-0.07385959715456114
-0.059453437125372134
-0.03631669541043853
-0.008487823855927433
0.01922613645086083
0.042344879592013385
0.05768869831028982
0.0639971657881297
0.062054637668190464
0.0543129458373323
0.04412953361738401
0.03483300255779317
0.028863102157159603
0.027201025626582605
0.02921974864423984
0.03296865893473556
0.03579359693208352
0.03511192155789927
0.029132022483474306
0.0173332578640702
0.0005955685721130687
-0.019034301382703712
-0.038858502969120724
-0.056177322247090385
-0.06889946821960381
-0.0759625541552297
-0.07747164756360903
-0.07454218968884173
-0.06891021646204683
-0.06242771056277894
-0.05658106724416848
-0.05215332191729019
-0.049103562744190414
-0.046674738783532996
-0.04368134246506748
-0.03888646359526404
-0.03136289705967637
-0.020746943743365474
-0.0073301363586316375
0.008018397686361823
0.024061565635745772
0.03946841197635015
0.05307616654245425
0.06407611981885122
0.07208751189936607
0.07711847967307771
0.07944416204113963
0.07945087694036587
0.07749763405431111
0.07383310992740375
0.06858312165255831
0.061798666600426606
0.05353569781404855
0.04393036867264752
0.03323887630603726
0.021826489646281966
0.01011011096355931
-0.0015239592180376074
-0.01279609953494078
-0.023573874460482425
-0.03385919765860791
-0.043722250030038476
-0.053200624016877016
-0.062195237822740966
-0.07039818713469707
-0.07728057675932173
-0.0821523786563896
-0.08428598528997372
-0.08307618055489398
-0.07819721184053895
-0.06971607684629158
-0.05813064511283639
-0.04431931325145301
-0.029410699910749776
-0.014601654152201687
-0.0009644750298629411
0.010713424795043336
0.02002259797175429
0.02693947559638259
0.03175218665051252
0.03492699084817877
0.03695132621917059
0.0381932116580074
0.03881034463548099
0.038727812805417226
0.037685012703553455
0.03533504539190641
0.03136789023735698
0.025624731452665393
0.01817534424122342
0.009341624170054045
-0.0003352308945881392
-0.010172640612561722
-0.019448759260157093
-0.02750431584133706
-0.03382248841840647
-0.03807290236776074
-0.040116130493499845
-0.03997499922973125
-0.03778607636669915
-0.03374742781167737
-0.028076874526511954
-0.020989577681597905
-0.012696693120970296
-0.0034201876054989837
0.006585516744998114
0.017015609759114276
0.027509184121636342
0.03765987964520561
0.04704173024257261
0.05524446775538728
0.06190989336352567
0.06676085939510237
0.0696167640933591
0.07039342016299313
0.06908947955396051
0.06576501706028227
0.0605194652970447
0.05347550959976464
0.04477309673818073
0.034574205493779445
0.023075533607015197
0.010523760777926335
-0.002772811297744428
-0.016441523928587713
-0.030054475112586475
-0.043149374235850774
-0.05525910851321004
-0.06594494402378047
-0.07482757223951703
-0.08161092360764732
-0.08609552334804292
-0.08818061527034823
-0.08785667458256849
-0.08519168621842477
