   5.41682185e-03   1.02853372e-02   5.40799555e-03
   1.02853372e-02   6.66488875e-03   1.02853372e-02
   5.40799555e-03   1.02853372e-02   3.03398368e-04
   1.23683856e-02   2.34848070e-02   1.23482322e-02
   2.34848070e-02   1.52181327e-02   2.34848070e-02
   1.23482322e-02   2.34848070e-02   6.92758244e-04
   2.01287219e-02   3.82199558e-02   2.00959237e-02
   3.82199558e-02   2.47664952e-02   3.82199558e-02
   2.00959237e-02   3.82199558e-02   1.12741780e-03
   2.79344355e-02   5.30412658e-02   2.78889185e-02
   5.30412658e-02   3.43706901e-02   5.30412658e-02
   2.78889185e-02   5.30412658e-02   1.56461896e-03
   3.49847870e-02   6.64283116e-02   3.49277819e-02
   6.64283116e-02   4.30454831e-02   6.64283116e-02
   3.49277819e-02   6.64283116e-02   1.95951198e-03
   4.04548361e-02   7.68147154e-02   4.03889180e-02
   7.68147154e-02   4.97758629e-02   7.68147154e-02
   4.03889180e-02   7.68147154e-02   2.26589162e-03
   4.35258516e-02   8.26458892e-02   4.34549295e-02
   8.26458892e-02   5.35544580e-02   8.26458892e-02
   4.34549295e-02   8.26458892e-02   2.43790043e-03
   4.34328563e-02   8.24693120e-02   4.33620858e-02
   8.24693120e-02   5.34400362e-02   8.24693120e-02
   4.33620858e-02   8.24693120e-02   2.43269173e-03
   3.95244430e-02   7.50481063e-02   3.94600409e-02
   7.50481063e-02   4.86311019e-02   7.50481063e-02
   3.94600409e-02   7.50481063e-02   2.21377993e-03
   3.13260597e-02   5.94812040e-02   3.12750162e-02
   5.94812040e-02   3.85437640e-02   5.94812040e-02
   3.12750162e-02   5.94812040e-02   1.75458519e-03
   1.85958724e-02   3.53094162e-02   1.85655718e-02
   3.53094162e-02   2.28804683e-02   3.53094162e-02
   1.85655718e-02   3.53094162e-02   1.04156228e-03
   1.36268901e-03   2.58744265e-03   1.36046861e-03
   2.58744265e-03   1.67666039e-03   2.58744265e-03
   1.36046861e-03   2.58744265e-03   7.63247588e-05
  -2.00616942e-02  -3.80926851e-02  -2.00290052e-02
  -3.80926851e-02  -2.46840239e-02  -3.80926851e-02
  -2.00290052e-02  -3.80926851e-02  -1.12366355e-03
  -4.50986117e-02  -8.56322101e-02  -4.50251269e-02
  -8.56322101e-02  -5.54895912e-02  -8.56322101e-02
  -4.50251269e-02  -8.56322101e-02  -2.52599136e-03
  -7.29444942e-02  -1.38505333e-01  -7.28256367e-02
  -1.38505333e-01  -8.97513251e-02  -1.38505333e-01
  -7.28256367e-02  -1.38505333e-01  -4.08565043e-03
  -1.02631157e-01  -1.94873688e-01  -1.02463927e-01
  -1.94873688e-01  -1.26277966e-01  -1.94873688e-01
  -1.02463927e-01  -1.94873688e-01  -5.74841234e-03
  -1.33093816e-01  -2.52715487e-01  -1.32876950e-01
  -2.52715487e-01  -1.63759397e-01  -2.52715487e-01
  -1.32876950e-01  -2.52715487e-01  -7.45463812e-03
  -1.63235770e-01  -3.09948338e-01  -1.62969789e-01
  -3.09948338e-01  -2.00846230e-01  -3.09948338e-01
  -1.62969789e-01  -3.09948338e-01  -9.14290105e-03
  -1.91980892e-01  -3.64528916e-01  -1.91668073e-01
  -3.64528916e-01  -2.36214393e-01  -3.64528916e-01
  -1.91668073e-01  -3.64528916e-01  -1.07529269e-02
  -2.18309330e-01  -4.14520750e-01  -2.17953611e-01
  -4.14520750e-01  -2.68609054e-01  -4.14520750e-01
  -2.17953611e-01  -4.14520750e-01  -1.22275933e-02
  -2.41276849e-01  -4.58130950e-01  -2.40883707e-01
  -4.58130950e-01  -2.96868422e-01  -4.58130950e-01
  -2.40883707e-01  -4.58130950e-01  -1.35140133e-02
  -2.60022703e-01  -4.93725147e-01  -2.59599015e-01
  -4.93725147e-01  -3.19933428e-01  -4.93725147e-01
  -2.59599015e-01  -4.93725147e-01  -1.45639760e-02
  -2.73773471e-01  -5.19834790e-01  -2.73327377e-01
  -5.19834790e-01  -3.36852452e-01  -5.19834790e-01
  -2.73327377e-01  -5.19834790e-01  -1.53341621e-02
  -2.81850359e-01  -5.35171000e-01  -2.81391105e-01
  -5.35171000e-01  -3.46790302e-01  -5.35171000e-01
  -2.81391105e-01  -5.35171000e-01  -1.57865518e-02
  -2.83684985e-01  -5.38654546e-01  -2.83222742e-01
  -5.38654546e-01  -3.49047637e-01  -5.38654546e-01
  -2.83222742e-01  -5.38654546e-01  -1.58893100e-02
  -2.78844597e-01  -5.29463729e-01  -2.78390241e-01
  -5.29463729e-01  -3.43091995e-01  -5.29463729e-01
  -2.78390241e-01  -5.29463729e-01  -1.56181979e-02
  -2.67063207e-01  -5.07093495e-01  -2.66628047e-01
  -5.07093495e-01  -3.28596105e-01  -5.07093495e-01
  -2.66628047e-01  -5.07093495e-01  -1.49583175e-02
  -2.48271748e-01  -4.71412704e-01  -2.47867208e-01
  -4.71412704e-01  -3.05474986e-01  -4.71412704e-01
  -2.47867208e-01  -4.71412704e-01  -1.39058004e-02
  -2.22619142e-01  -4.22704123e-01  -2.22256400e-01
  -4.22704123e-01  -2.73911872e-01  -4.22704123e-01
  -2.22256400e-01  -4.22704123e-01  -1.24689876e-02
  -1.90477539e-01  -3.61674385e-01  -1.90167170e-01
  -3.61674385e-01  -2.34364659e-01  -3.61674385e-01
  -1.90167170e-01  -3.61674385e-01  -1.06687235e-02
  -1.52428664e-01  -2.89428054e-01  -1.52180293e-01
  -2.89428054e-01  -1.87549105e-01  -2.89428054e-01
  -1.52180293e-01  -2.89428054e-01  -8.53759073e-03
  -1.09232979e-01  -2.07409077e-01  -1.09054992e-01
  -2.07409077e-01  -1.34400886e-01  -2.07409077e-01
  -1.09054992e-01  -2.07409077e-01  -6.11818306e-03
  -6.17879155e-02  -1.17321478e-01  -6.16872368e-02
  -1.17321478e-01  -7.60242065e-02  -1.17321478e-01
  -6.16872368e-02  -1.17321478e-01  -3.46076597e-03
  -1.10841530e-02  -2.10463357e-02  -1.10660923e-02
  -2.10463357e-02  -1.36380056e-02  -2.10463357e-02
  -1.10660923e-02  -2.10463357e-02  -6.20827865e-04
   4.18310642e-02   7.94278657e-02   4.17629036e-02
   7.94278657e-02   5.14691819e-02   7.94278657e-02
   4.17629036e-02   7.94278657e-02   2.34297471e-03
   9.58774826e-02   1.82049966e-01   9.57212574e-02
   1.82049966e-01   1.17968206e-01   1.82049966e-01
   9.57212574e-02   1.82049966e-01   5.37013632e-03
   1.49951207e-01   2.84723914e-01   1.49706872e-01
   2.84723914e-01   1.84500827e-01   2.84723914e-01
   1.49706872e-01   2.84723914e-01   8.39882733e-03
   2.02924519e-01   3.85308425e-01   2.02593869e-01
   3.85308425e-01   2.49679495e-01   3.85308425e-01
   2.02593869e-01   3.85308425e-01   1.13658838e-02
   2.53645332e-01   4.81615942e-01   2.53232036e-01
   4.81615942e-01   3.12086675e-01   4.81615942e-01
   2.53232036e-01   4.81615942e-01   1.42067770e-02
   3.00947247e-01   5.71431733e-01   3.00456876e-01
   5.71431733e-01   3.70287223e-01   5.71431733e-01
   3.00456876e-01   5.71431733e-01   1.68561762e-02
   3.43679376e-01   6.52570521e-01   3.43119377e-01
   6.52570521e-01   4.22865081e-01   6.52570521e-01
   3.43119377e-01   6.52570521e-01   1.92496199e-02
   3.80759882e-01   7.22978136e-01   3.80139463e-01
   7.22978136e-01   4.68489148e-01   7.22978136e-01
   3.80139463e-01   7.22978136e-01   2.13265140e-02
   4.11249790e-01   7.80871673e-01   4.10579689e-01
   7.80871673e-01   5.06004106e-01   7.80871673e-01
   4.10579689e-01   7.80871673e-01   2.30342659e-02
   4.34436206e-01   8.24897508e-01   4.33728324e-01
   8.24897508e-01   5.34532805e-01   8.24897508e-01
   4.33728324e-01   8.24897508e-01   2.43329464e-02
   4.49908741e-01   8.54276403e-01   4.49175648e-01
   8.54276403e-01   5.53570301e-01   8.54276403e-01
   4.49175648e-01   8.54276403e-01   2.51995693e-02
   4.57611627e-01   8.68902467e-01   4.56865983e-01
   8.68902467e-01   5.63047977e-01   8.68902467e-01
   4.56865983e-01   8.68902467e-01   2.56310111e-02
   4.57857450e-01   8.69369231e-01   4.57111406e-01
   8.69369231e-01   5.63350439e-01   8.69369231e-01
   4.57111406e-01   8.69369231e-01   2.56447797e-02
   4.51296103e-01   8.56910694e-01   4.50560750e-01
   8.56910694e-01   5.55277320e-01   8.56910694e-01
   4.50560750e-01   8.56910694e-01   2.52772760e-02
   4.38842629e-01   8.33264324e-01   4.38127568e-01
   8.33264324e-01   5.39954494e-01   8.33264324e-01
   4.38127568e-01   8.33264324e-01   2.45797520e-02
   4.21577453e-01   8.00481603e-01   4.20890524e-01
   8.00481603e-01   5.18711322e-01   8.00481603e-01
   4.20890524e-01   8.00481603e-01   2.36127225e-02
   4.00639177e-01   7.60724485e-01   3.99986366e-01
   7.60724485e-01   4.92948747e-01   7.60724485e-01
   3.99986366e-01   7.60724485e-01   2.24399613e-02
   3.77131689e-01   7.16089006e-01   3.76517181e-01
   7.16089006e-01   4.64024999e-01   7.16089006e-01
   3.76517181e-01   7.16089006e-01   2.11232974e-02
   3.52062930e-01   6.68489021e-01   3.51489270e-01
   6.68489021e-01   4.33180253e-01   6.68489021e-01
   3.51489270e-01   6.68489021e-01   1.97191862e-02
   3.26323431e-01   6.19615450e-01   3.25791712e-01
   6.19615450e-01   4.01510226e-01   6.19615450e-01
   3.25791712e-01   6.19615450e-01   1.82775065e-02
   3.00701077e-01   5.70964311e-01   3.00211107e-01
   5.70964311e-01   3.69984334e-01   5.70964311e-01
   3.00211107e-01   5.70964311e-01   1.68423881e-02
   2.75917905e-01   5.23906593e-01   2.75468318e-01
   5.23906593e-01   3.39490977e-01   5.23906593e-01
   2.75468318e-01   5.23906593e-01   1.54542727e-02
   2.52668313e-01   4.79760800e-01   2.52256609e-01
   4.79760800e-01   3.10884545e-01   4.79760800e-01
   2.52256609e-01   4.79760800e-01   1.41520537e-02
   2.31637899e-01   4.39828733e-01   2.31260463e-01
   4.39828733e-01   2.85008603e-01   4.39828733e-01
   2.31260463e-01   4.39828733e-01   1.29741318e-02
   2.13488667e-01   4.05367388e-01   2.13140804e-01
   4.05367388e-01   2.62677684e-01   4.05367388e-01
   2.13140804e-01   4.05367388e-01   1.19575860e-02
   1.98807697e-01   3.77491497e-01   1.98483755e-01
   3.77491497e-01   2.44614133e-01   3.77491497e-01
   1.98483755e-01   3.77491497e-01   1.11352990e-02
   1.88029447e-01   3.57026003e-01   1.87723067e-01
   3.57026003e-01   2.31352512e-01   3.57026003e-01
   1.87723067e-01   3.57026003e-01   1.05316048e-02
   1.81352573e-01   3.44348109e-01   1.81057073e-01
   3.44348109e-01   2.23137249e-01   3.44348109e-01
   1.81057073e-01   3.44348109e-01   1.01576305e-02
   1.78677126e-01   3.39268031e-01   1.78385985e-01
   3.39268031e-01   2.19845363e-01   3.39268031e-01
   1.78385985e-01   3.39268031e-01   1.00077776e-02
   1.79585202e-01   3.40992264e-01   1.79292581e-01
   3.40992264e-01   2.20962665e-01   3.40992264e-01
   1.79292581e-01   3.40992264e-01   1.00586393e-02
   1.83377930e-01   3.48193811e-01   1.83079130e-01
   3.48193811e-01   2.25629260e-01   3.48193811e-01
   1.83079130e-01   3.48193811e-01   1.02710716e-02
   1.89166466e-01   3.59184950e-01   1.88858234e-01
   3.59184950e-01   2.32751508e-01   3.59184950e-01
   1.88858234e-01   3.59184950e-01   1.05952898e-02
   1.95998680e-01   3.72157801e-01   1.95679315e-01
   3.72157801e-01   2.41157903e-01   3.72157801e-01
   1.95679315e-01   3.72157801e-01   1.09779648e-02
   2.02991248e-01   3.85435128e-01   2.02660489e-01
   3.85435128e-01   2.49761598e-01   3.85435128e-01
   2.02660489e-01   3.85435128e-01   1.13696213e-02
   2.09432656e-01   3.97665927e-01   2.09091401e-01
   3.97665927e-01   2.57687144e-01   3.97665927e-01
   2.09091401e-01   3.97665927e-01   1.17304072e-02
   2.14828342e-01   4.07911131e-01   2.14478295e-01
   4.07911131e-01   2.64326027e-01   4.07911131e-01
   2.14478295e-01   4.07911131e-01   1.20326217e-02
   2.18873772e-01   4.15592500e-01   2.18517133e-01
   4.15592500e-01   2.69303547e-01   4.15592500e-01
   2.18517133e-01   4.15592500e-01   1.22592079e-02
   2.21361418e-01   4.20315986e-01   2.21000726e-01
   4.20315986e-01   2.72364361e-01   4.20315986e-01
   2.21000726e-01   4.20315986e-01   1.23985419e-02
   2.22047794e-01   4.21619262e-01   2.21685984e-01
   4.21619262e-01   2.73208883e-01   4.21619262e-01
   2.21685984e-01   4.21619262e-01   1.24369862e-02
   2.20521184e-01   4.18720569e-01   2.20161861e-01
   4.18720569e-01   2.71330533e-01   4.18720569e-01
   2.20161861e-01   4.18720569e-01   1.23514801e-02
   2.16114746e-01   4.10353725e-01   2.15762603e-01
   4.10353725e-01   2.65908826e-01   4.10353725e-01
   2.15762603e-01   4.10353725e-01   1.21046737e-02
   2.07901223e-01   3.94758076e-01   2.07562463e-01
   3.94758076e-01   2.55802860e-01   3.94758076e-01
   2.07562463e-01   3.94758076e-01   1.16446310e-02
   1.94785811e-01   3.69854833e-01   1.94468423e-01
   3.69854833e-01   2.39665582e-01   3.69854833e-01
   1.94468423e-01   3.69854833e-01   1.09100316e-02
   1.75687512e-01   3.33591420e-01   1.75401242e-01
   3.33591420e-01   2.16166925e-01   3.33591420e-01
   1.75401242e-01   3.33591420e-01   9.84032812e-03
   1.49773273e-01   2.84386058e-01   1.49529229e-01
   2.84386058e-01   1.84281897e-01   2.84386058e-01
   1.49529229e-01   2.84386058e-01   8.38886121e-03
   1.16690746e-01   2.21569714e-01   1.16500608e-01
   2.21569714e-01   1.43576965e-01   2.21569714e-01
   1.16500608e-01   2.21569714e-01   6.53589559e-03
   7.67401095e-02   1.45712361e-01   7.66150673e-02
   1.45712361e-01   9.44214719e-02   1.45712361e-01
   7.66150673e-02   1.45712361e-01   4.29824436e-03
   3.09357244e-02   5.87400443e-02   3.08853170e-02
   5.87400443e-02   3.80634932e-02   5.87400443e-02
   3.08853170e-02   5.87400443e-02   1.73272235e-03
  -1.90674598e-02  -3.62048556e-02  -1.90363908e-02
  -3.62048556e-02  -2.34607122e-02  -3.62048556e-02
  -1.90363908e-02  -3.62048556e-02  -1.06797609e-03
  -7.11754078e-02  -1.35146233e-01  -7.10594329e-02
  -1.35146233e-01  -8.75746310e-02  -1.35146233e-01
  -7.10594329e-02  -1.35146233e-01  -3.98656319e-03
  -1.23144718e-01  -2.33824367e-01  -1.22944063e-01
  -2.33824367e-01  -1.51517969e-01  -2.33824367e-01
  -1.22944063e-01  -2.33824367e-01  -6.89738512e-03
  -1.72897428e-01  -3.28293673e-01  -1.72615705e-01
  -3.28293673e-01  -2.12733989e-01  -3.28293673e-01
  -1.72615705e-01  -3.28293673e-01  -9.68405441e-03
  -2.18790017e-01  -4.15433468e-01  -2.18433515e-01
  -4.15433468e-01  -2.69200495e-01  -4.15433468e-01
  -2.18433515e-01  -4.15433468e-01  -1.22545167e-02
  -2.59776290e-01  -4.93257264e-01  -2.59353004e-01
  -4.93257264e-01  -3.19630241e-01  -4.93257264e-01
  -2.59353004e-01  -4.93257264e-01  -1.45501744e-02
  -2.95430369e-01  -5.60956412e-01  -2.94948987e-01
  -5.60956412e-01  -3.63499224e-01  -5.60956412e-01
  -2.94948987e-01  -5.60956412e-01  -1.65471737e-02
  -3.25831528e-01  -6.18681437e-01  -3.25300610e-01
  -6.18681437e-01  -4.00904986e-01  -6.18681437e-01
  -3.25300610e-01  -6.18681437e-01  -1.82499548e-02
  -3.51347649e-01  -6.67130861e-01  -3.50775154e-01
  -6.67130861e-01  -4.32300167e-01  -6.67130861e-01
  -3.50775154e-01  -6.67130861e-01  -1.96791230e-02
  -3.72379105e-01  -7.07064907e-01  -3.71772341e-01
  -7.07064907e-01  -4.58177391e-01  -7.07064907e-01
  -3.71772341e-01  -7.07064907e-01  -2.08571033e-02
  -3.89133176e-01  -7.38877154e-01  -3.88499113e-01
  -7.38877154e-01  -4.78791697e-01  -7.38877154e-01
  -3.88499113e-01  -7.38877154e-01  -2.17955055e-02
  -4.01488388e-01  -7.62336948e-01  -4.00834193e-01
  -7.62336948e-01  -4.93993621e-01  -7.62336948e-01
  -4.00834193e-01  -7.62336948e-01  -2.24875259e-02
  -4.08981556e-01  -7.76564803e-01  -4.08315151e-01
  -7.76564803e-01  -5.03213258e-01  -7.76564803e-01
  -4.08315151e-01  -7.76564803e-01  -2.29072212e-02
  -4.10915280e-01  -7.80236513e-01  -4.10245724e-01
  -7.80236513e-01  -5.05592523e-01  -7.80236513e-01
  -4.10245724e-01  -7.80236513e-01  -2.30155299e-02
  -4.06550116e-01  -7.71948041e-01  -4.05887673e-01
  -7.71948041e-01  -5.00221600e-01  -7.71948041e-01
  -4.05887673e-01  -7.71948041e-01  -2.27710353e-02
  -3.95323043e-01  -7.50630332e-01  -3.94678894e-01
  -7.50630332e-01  -4.86407745e-01  -7.50630332e-01
  -3.94678894e-01  -7.50630332e-01  -2.21422025e-02
  -3.77028562e-01  -7.15893192e-01  -3.76414223e-01
  -7.15893192e-01  -4.63898111e-01  -7.15893192e-01
  -3.76414223e-01  -7.15893192e-01  -2.11175213e-02
  -3.51912108e-01  -6.68202644e-01  -3.51338694e-01
  -6.68202644e-01  -4.32994681e-01  -6.68202644e-01
  -3.51338694e-01  -6.68202644e-01  -1.97107386e-02
  -3.20653386e-01  -6.08849299e-01  -3.20130906e-01
  -6.08849299e-01  -3.94533770e-01  -6.08849299e-01
  -3.20130906e-01  -6.08849299e-01  -1.79599250e-02
  -2.84251557e-01  -5.39730340e-01  -2.83788390e-01
  -5.39730340e-01  -3.49744750e-01  -5.39730340e-01
  -2.83788390e-01  -5.39730340e-01  -1.59210439e-02
  -2.43854447e-01  -4.63025234e-01  -2.43457104e-01
  -4.63025234e-01  -3.00039913e-01  -4.63025234e-01
  -2.43457104e-01  -4.63025234e-01  -1.36583855e-02
  -2.00590970e-01  -3.80877535e-01  -2.00264122e-01
  -3.80877535e-01  -2.46808283e-01  -3.80877535e-01
  -2.00264122e-01  -3.80877535e-01  -1.12351808e-02
  -1.55463995e-01  -2.95191470e-01  -1.55210678e-01
  -2.95191470e-01  -1.91283793e-01  -2.95191470e-01
  -1.55210678e-01  -2.95191470e-01  -8.70760082e-03
  -1.09340036e-01  -2.07612354e-01  -1.09161875e-01
  -2.07612354e-01  -1.34532609e-01  -2.07612354e-01
  -1.09161875e-01  -2.07612354e-01  -6.12417935e-03
  -6.30381405e-02  -1.19695376e-01  -6.29354246e-02
  -1.19695376e-01  -7.75624905e-02  -1.19695376e-01
  -6.29354246e-02  -1.19695376e-01  -3.53079157e-03
  -1.74833698e-02  -3.31970217e-02  -1.74548819e-02
  -3.31970217e-02  -2.15116387e-02  -3.31970217e-02
  -1.74548819e-02  -3.31970217e-02  -9.79250564e-04
   2.61380031e-02   4.96302411e-02   2.60954132e-02
   4.96302411e-02   3.21603493e-02   4.96302411e-02
   2.60954132e-02   4.96302411e-02   1.46400005e-03
   6.62942839e-02   1.25878066e-01   6.61862623e-02
   1.25878066e-01   8.15688680e-02   1.25878066e-01
   6.61862623e-02   1.25878066e-01   3.71316947e-03
   1.01154453e-01   1.92069757e-01   1.00989630e-01
   1.92069757e-01   1.24461021e-01   1.92069757e-01
   1.00989630e-01   1.92069757e-01   5.66570157e-03
   1.28789298e-01   2.44542167e-01   1.28579446e-01
   2.44542167e-01   1.58463093e-01   2.44542167e-01
   1.28579446e-01   2.44542167e-01   7.21354034e-03
   1.47505100e-01   2.80079302e-01   1.47264751e-01
   2.80079302e-01   1.81491123e-01   2.80079302e-01
   1.47264751e-01   2.80079302e-01   8.26181991e-03
   1.56240659e-01   2.96666182e-01   1.55986077e-01
   2.96666182e-01   1.92239405e-01   2.96666182e-01
   1.55986077e-01   2.96666182e-01   8.75110209e-03
   1.54926194e-01   2.94170306e-01   1.54673753e-01
   2.94170306e-01   1.90622080e-01   2.94170306e-01
   1.54673753e-01   2.94170306e-01   8.67747837e-03
   1.44695970e-01   2.74745390e-01   1.44460199e-01
   2.74745390e-01   1.78034753e-01   2.74745390e-01
   1.44460199e-01   2.74745390e-01   8.10447940e-03
   1.27870183e-01   2.42796973e-01   1.27661829e-01
   2.42796973e-01   1.57332209e-01   2.42796973e-01
   1.27661829e-01   2.42796973e-01   7.16206035e-03
   1.07672192e-01   2.04445489e-01   1.07496748e-01
   2.04445489e-01   1.32480484e-01   2.04445489e-01
   1.07496748e-01   2.04445489e-01   6.03076272e-03
   8.77131853e-02   1.66547786e-01   8.75702633e-02
   1.66547786e-01   1.07922807e-01   1.66547786e-01
   8.75702633e-02   1.66547786e-01   4.91285075e-03
   7.13408784e-02   1.35460425e-01   7.12246338e-02
   1.35460425e-01   8.77782270e-02   1.35460425e-01
   7.12246338e-02   1.35460425e-01   3.99583126e-03
   6.09936570e-02   1.15813358e-01   6.08942724e-02
   1.15813358e-01   7.50469463e-02   1.15813358e-01
   6.08942724e-02   1.15813358e-01   3.41627923e-03
   5.77131069e-02   1.09584324e-01   5.76190677e-02
   1.09584324e-01   7.10105385e-02   1.09584324e-01
   5.76190677e-02   1.09584324e-01   3.23253430e-03
   6.09406877e-02   1.15712781e-01   6.08413895e-02
   1.15712781e-01   7.49817726e-02   1.15712781e-01
   6.08413895e-02   1.15712781e-01   3.41331240e-03
   6.86635213e-02   1.30376720e-01   6.85516393e-02
   1.30376720e-01   8.44839914e-02   1.30376720e-01
   6.85516393e-02   1.30376720e-01   3.84587142e-03
   7.78938406e-02   1.47903039e-01   7.77669185e-02
   1.47903039e-01   9.58410294e-02   1.47903039e-01
   7.77669185e-02   1.47903039e-01   4.36286531e-03
   8.53860201e-02   1.62129018e-01   8.52468900e-02
   1.62129018e-01   1.05059450e-01   1.62129018e-01
   8.52468900e-02   1.62129018e-01   4.78250529e-03
   8.84343622e-02   1.67917140e-01   8.82902651e-02
   1.67917140e-01   1.08810148e-01   1.67917140e-01
   8.82902651e-02   1.67917140e-01   4.95324416e-03
   8.55698086e-02   1.62477991e-01   8.54303791e-02
   1.62477991e-01   1.05285585e-01   1.62477991e-01
   8.54303791e-02   1.62477991e-01   4.79279936e-03
   7.69919100e-02   1.46190474e-01   7.68664574e-02
   1.46190474e-01   9.47312887e-02   1.46190474e-01
   7.68664574e-02   1.46190474e-01   4.31234781e-03
   6.46303663e-02   1.22718658e-01   6.45250560e-02
   1.22718658e-01   7.95215742e-02   1.22718658e-01
   6.45250560e-02   1.22718658e-01   3.61997278e-03
   5.18144944e-02   9.83841742e-02   5.17300666e-02
   9.83841742e-02   6.37528518e-02   9.83841742e-02
   5.17300666e-02   9.83841742e-02   2.90215065e-03
   4.26184665e-02   8.09229672e-02   4.25490229e-02
   8.09229672e-02   5.24380062e-02   8.09229672e-02
   4.25490229e-02   8.09229672e-02   2.38707743e-03
   4.10233714e-02   7.78942373e-02   4.09565269e-02
   7.78942373e-02   5.04753921e-02   7.78942373e-02
   4.09565269e-02   7.78942373e-02   2.29773552e-03
   5.00770795e-02   9.50852107e-02   4.99954827e-02
   9.50852107e-02   6.16151266e-02   9.50852107e-02
   4.99954827e-02   9.50852107e-02   2.80483734e-03
   7.12312555e-02   1.35252275e-01   7.11151896e-02
   1.35252275e-01   8.76433463e-02   1.35252275e-01
   7.11151896e-02   1.35252275e-01   3.98969124e-03
   1.03993310e-01   1.97460114e-01   1.03823861e-01
   1.97460114e-01   1.27953967e-01   1.97460114e-01
   1.03823861e-01   1.97460114e-01   5.82470709e-03
   1.45960128e-01   2.77145746e-01   1.45722297e-01
   2.77145746e-01   1.79590181e-01   2.77145746e-01
   1.45722297e-01   2.77145746e-01   8.17528544e-03
   1.93216875e-01   3.66875773e-01   1.92902043e-01
   3.66875773e-01   2.37735154e-01   3.66875773e-01
   1.92902043e-01   3.66875773e-01   1.08221548e-02
   2.41007464e-01   4.57619448e-01   2.40614760e-01
   4.57619448e-01   2.96536969e-01   4.57619448e-01
   2.40614760e-01   4.57619448e-01   1.34989249e-02
   2.84530784e-01   5.40260530e-01   2.84067162e-01
   5.40260530e-01   3.50088312e-01   5.40260530e-01
   2.84067162e-01   5.40260530e-01   1.59366835e-02
   3.19699507e-01   6.07038096e-01   3.19178581e-01
   6.07038096e-01   3.93360112e-01   6.07038096e-01
   3.19178581e-01   6.07038096e-01   1.79064979e-02
   3.43718079e-01   6.52644010e-01   3.43158017e-01
   6.52644010e-01   4.22912701e-01   6.52644010e-01
   3.43158017e-01   6.52644010e-01   1.92517877e-02
   3.55385692e-01   6.74798205e-01   3.54806618e-01
   6.74798205e-01   4.37268599e-01   6.74798205e-01
   3.54806618e-01   6.74798205e-01   1.99052954e-02
   3.55094720e-01   6.74245714e-01   3.54516120e-01
   6.74245714e-01   4.36910585e-01   6.74245714e-01
   3.54516120e-01   6.74245714e-01   1.98889979e-02
   3.44558832e-01   6.54240413e-01   3.43997400e-01
   6.54240413e-01   4.23947169e-01   6.54240413e-01
   3.43997400e-01   6.54240413e-01   1.92988786e-02
   3.26353817e-01   6.19673147e-01   3.25822048e-01
   6.19673147e-01   4.01547613e-01   6.19673147e-01
   3.25822048e-01   6.19673147e-01   1.82792084e-02
   3.03379246e-01   5.76049558e-01   3.02884913e-01
   5.76049558e-01   3.73279569e-01   5.76049558e-01
   3.02884913e-01   5.76049558e-01   1.69923935e-02
   2.78348376e-01   5.28521516e-01   2.77894828e-01
   5.28521516e-01   3.42481442e-01   5.28521516e-01
   2.77894828e-01   5.28521516e-01   1.55904044e-02
   2.53391249e-01   4.81133494e-01   2.52978367e-01
   4.81133494e-01   3.11774049e-01   4.81133494e-01
   2.52978367e-01   4.81133494e-01   1.41925456e-02
   2.29820468e-01   4.36377837e-01   2.29445993e-01
   4.36377837e-01   2.82772425e-01   4.36377837e-01
   2.29445993e-01   4.36377837e-01   1.28723368e-02
   2.08070919e-01   3.95080291e-01   2.07731883e-01
   3.95080291e-01   2.56011655e-01   3.95080291e-01
   2.07731883e-01   3.95080291e-01   1.16541358e-02
   1.87793020e-01   3.56577081e-01   1.87487025e-01
   3.56577081e-01   2.31061611e-01   3.56577081e-01
   1.87487025e-01   3.56577081e-01   1.05183625e-02
   1.68059546e-01   3.19107614e-01   1.67785706e-01
   3.19107614e-01   2.06781432e-01   3.19107614e-01
   1.67785706e-01   3.19107614e-01   9.41308271e-03
   1.47639554e-01   2.80334600e-01   1.47398986e-01
   2.80334600e-01   1.81656556e-01   2.80334600e-01
   1.47398986e-01   2.80334600e-01   8.26935073e-03
   1.25296307e-01   2.37909755e-01   1.25092146e-01
   2.37909755e-01   1.54165296e-01   2.37909755e-01
   1.25092146e-01   2.37909755e-01   7.01789647e-03
   1.00074058e-01   1.90018327e-01   9.99109948e-02
   1.90018327e-01   1.23131696e-01   1.90018327e-01
   9.99109948e-02   1.90018327e-01   5.60518819e-03
   7.15459496e-02   1.35849809e-01   7.14293709e-02
   1.35849809e-01   8.80305477e-02   1.35849809e-01
   7.14293709e-02   1.35849809e-01   4.00731738e-03
   3.99994861e-02   7.59501073e-02   3.99343100e-02
   7.59501073e-02   4.92155977e-02   7.59501073e-02
   3.99343100e-02   7.59501073e-02   2.24038729e-03
   6.53737983e-03   1.24130270e-02   6.52672766e-03
   1.24130270e-02   8.04362973e-03   1.24130270e-02
   6.52672766e-03   1.24130270e-02   3.66161271e-04
  -2.69269410e-02  -5.11282582e-02  -2.68830655e-02
  -5.11282582e-02  -3.31310630e-02  -5.11282582e-02
  -2.68830655e-02  -5.11282582e-02  -1.50818878e-03
  -5.77942763e-02  -1.09738447e-01  -5.77001048e-02
  -1.09738447e-01  -7.11104098e-02  -1.09738447e-01
  -5.77001048e-02  -1.09738447e-01  -3.23708063e-03
  -8.30276500e-02  -1.57650998e-01  -8.28923627e-02
  -1.57650998e-01  -1.02157698e-01  -1.57650998e-01
  -8.28923627e-02  -1.57650998e-01  -4.65041203e-03
  -9.95064077e-02  -1.88940486e-01  -9.93442695e-02
  -1.88940486e-01  -1.22433256e-01  -1.88940486e-01
  -9.93442695e-02  -1.88940486e-01  -5.57339387e-03
  -1.04446100e-01  -1.98319860e-01  -1.04275913e-01
  -1.98319860e-01  -1.28511082e-01  -1.98319860e-01
  -1.04275913e-01  -1.98319860e-01  -5.85006801e-03
  -9.58225467e-02  -1.81945655e-01  -9.56664111e-02
  -1.81945655e-01  -1.17900612e-01  -1.81945655e-01
  -9.56664111e-02  -1.81945655e-01  -5.36705934e-03
  -7.27262419e-02  -1.38090921e-01  -7.26077400e-02
  -1.38090921e-01  -8.94827862e-02  -1.38090921e-01
  -7.26077400e-02  -1.38090921e-01  -4.07342603e-03
  -3.55758980e-02  -6.75506997e-02  -3.55179298e-02
  -6.75506997e-02  -4.37727895e-02  -6.75506997e-02
  -3.55179298e-02  -6.75506997e-02  -1.99262034e-03
   1.38599313e-02   2.63169198e-02   1.38373476e-02
   2.63169198e-02   1.70533391e-02   2.63169198e-02
   1.38373476e-02   2.63169198e-02   7.76300319e-04
   7.26488358e-02   1.37943944e-01   7.25304600e-02
   1.37943944e-01   8.93875453e-02   1.37943944e-01
   7.25304600e-02   1.37943944e-01   4.06909048e-03
   1.37060390e-01   2.60247127e-01   1.36837061e-01
   2.60247127e-01   1.68639892e-01   2.60247127e-01
   1.36837061e-01   2.60247127e-01   7.67680752e-03
   2.03043436e-01   3.85534222e-01   2.02712592e-01
   3.85534222e-01   2.49825811e-01   3.85534222e-01
   2.02712592e-01   3.85534222e-01   1.13725444e-02
   2.66719935e-01   5.06441698e-01   2.66285335e-01
   5.06441698e-01   3.28173741e-01   5.06441698e-01
   2.66285335e-01   5.06441698e-01   1.49390907e-02
   3.24796792e-01   6.16716703e-01   3.24267560e-01
   6.16716703e-01   3.99631840e-01   6.16716703e-01
   3.24267560e-01   6.16716703e-01   1.81919988e-02
   3.74818551e-01   7.11696873e-01   3.74207813e-01
   7.11696873e-01   4.61178900e-01   7.11696873e-01
   3.74207813e-01   7.11696873e-01   2.09937376e-02
   4.15225826e-01   7.88421279e-01   4.14549247e-01
   7.88421279e-01   5.10896243e-01   7.88421279e-01
   4.14549247e-01   7.88421279e-01   2.32569653e-02
   4.45235723e-01   8.45403383e-01   4.44510244e-01
   8.45403383e-01   5.47820593e-01   8.45403383e-01
   4.44510244e-01   8.45403383e-01   2.49378317e-02
   4.64607035e-01   8.82185187e-01   4.63849993e-01
   8.82185187e-01   5.71655167e-01   8.82185187e-01
   4.63849993e-01   8.82185187e-01   2.60228267e-02
   4.73381192e-01   8.98845355e-01   4.72609853e-01
   8.98845355e-01   5.82450940e-01   8.98845355e-01
   4.72609853e-01   8.98845355e-01   2.65142707e-02
   4.71691237e-01   8.95636508e-01   4.70922652e-01
   8.95636508e-01   5.80371610e-01   8.95636508e-01
   4.70922652e-01   8.95636508e-01   2.64196157e-02
   4.59704370e-01   8.72876119e-01   4.58955316e-01
   8.72876119e-01   5.65622900e-01   8.72876119e-01
   4.58955316e-01   8.72876119e-01   2.57482264e-02
   4.37715938e-01   8.31124989e-01   4.37002713e-01
   8.31124989e-01   5.38568207e-01   8.31124989e-01
   4.37002713e-01   8.31124989e-01   2.45166455e-02
   4.06357909e-01   7.71583082e-01   4.05695779e-01
   7.71583082e-01   4.99985108e-01   7.71583082e-01
   4.05695779e-01   7.71583082e-01   2.27602697e-02
   3.66839328e-01   6.96546107e-01   3.66241591e-01
   6.96546107e-01   4.51361218e-01   6.96546107e-01
   3.66241591e-01   6.96546107e-01   2.05468181e-02
   3.21114935e-01   6.09725677e-01   3.20591702e-01
   6.09725677e-01   3.95101662e-01   6.09725677e-01
   3.20591702e-01   6.09725677e-01   1.79857765e-02
   2.71889312e-01   5.16257193e-01   2.71446289e-01
   5.16257193e-01   3.34534173e-01   5.16257193e-01
   2.71446289e-01   5.16257193e-01   1.52286296e-02
   2.22406707e-01   4.22300757e-01   2.22044312e-01
   4.22300757e-01   2.73650491e-01   4.22300757e-01
   2.22044312e-01   4.22300757e-01   1.24570890e-02
   1.76040188e-01   3.34261074e-01   1.75753344e-01
   3.34261074e-01   2.16600860e-01   3.34261074e-01
   1.75753344e-01   3.34261074e-01   9.86008166e-03
   1.35759996e-01   2.57777967e-01   1.35538785e-01
   2.57777967e-01   1.67039879e-01   2.57777967e-01
   1.35538785e-01   2.57777967e-01   7.60397190e-03
   1.03609568e-01   1.96731472e-01   1.03440744e-01
   1.96731472e-01   1.27481808e-01   1.96731472e-01
   1.03440744e-01   1.96731472e-01   5.80321351e-03
   8.03326971e-02   1.52533884e-01   8.02018010e-02
   1.52533884e-01   9.88418123e-02   1.52533884e-01
   8.02018010e-02   1.52533884e-01   4.49946664e-03
   6.52696076e-02   1.23932435e-01   6.51632556e-02
   1.23932435e-01   8.03081004e-02   1.23932435e-01
   6.51632556e-02   1.23932435e-01   3.65577694e-03
   5.65780902e-02   1.07429181e-01   5.64859005e-02
   1.07429181e-01   6.96140075e-02   1.07429181e-01
   5.64859005e-02   1.07429181e-01   3.16896156e-03
   5.17532690e-02   9.82679208e-02   5.16689410e-02
   9.82679208e-02   6.36775198e-02   9.82679208e-02
   5.16689410e-02   9.82679208e-02   2.89872139e-03
   4.83376702e-02   9.17824600e-02   4.82589076e-02
   9.17824600e-02   5.94749473e-02   9.17824600e-02
   4.82589076e-02   9.17824600e-02   2.70741233e-03
   4.46545779e-02   8.47890889e-02   4.45818167e-02
   8.47890889e-02   5.49432494e-02   8.47890889e-02
   4.45818167e-02   8.47890889e-02   2.50112085e-03
   4.03795639e-02   7.66717902e-02   4.03137684e-02
   7.66717902e-02   4.96832476e-02   7.66717902e-02
   4.03137684e-02   7.66717902e-02   2.26167560e-03
   3.67947372e-02   6.98650036e-02   3.67347830e-02
   6.98650036e-02   4.52724562e-02   6.98650036e-02
   3.67347830e-02   6.98650036e-02   2.06088801e-03
   3.66420173e-02   6.95750224e-02   3.65823119e-02
   6.95750224e-02   4.50845487e-02   6.95750224e-02
   3.65823119e-02   6.95750224e-02   2.05233411e-03
   4.35881433e-02   8.27641673e-02   4.35171197e-02
   8.27641673e-02   5.36311021e-02   8.27641673e-02
   4.35171197e-02   8.27641673e-02   2.44138942e-03
   6.14108034e-02   1.16605426e-01   6.13107391e-02
   1.16605426e-01   7.55602056e-02   1.16605426e-01
   6.13107391e-02   1.16605426e-01   3.43964377e-03
   9.30876320e-02   1.76752662e-01   9.29359527e-02
   1.76752662e-01   1.14535558e-01   1.76752662e-01
   9.29359527e-02   1.76752662e-01   5.21387567e-03
   1.39999662e-01   2.65828148e-01   1.39771543e-01
   2.65828148e-01   1.72256389e-01   2.65828148e-01
   1.39771543e-01   2.65828148e-01   7.84143730e-03
   2.01440398e-01   3.82490410e-01   2.01112166e-01
   3.82490410e-01   2.47853424e-01   3.82490410e-01
   2.01112166e-01   3.82490410e-01   1.12827576e-02
   2.74555291e-01   5.21319292e-01   2.74107924e-01
   5.21319292e-01   3.37814408e-01   5.21319292e-01
   2.74107924e-01   5.21319292e-01   1.53779521e-02
   3.54739279e-01   6.73570811e-01   3.54161258e-01
   6.73570811e-01   4.36473249e-01   6.73570811e-01
   3.54161258e-01   6.73570811e-01   1.98690896e-02
   4.36415356e-01   8.28655475e-01   4.35704251e-01
   8.28655475e-01   5.36967964e-01   8.28655475e-01
   4.35704251e-01   8.28655475e-01   2.44437995e-02
   5.14030073e-01   9.76028520e-01   5.13192500e-01
   9.76028520e-01   6.32465558e-01   9.76028520e-01
   5.13192500e-01   9.76028520e-01   2.87910309e-02
   5.83053633e-01   1.10708887e+00   5.82103591e-01
   1.10708887e+00   7.17392543e-01   1.10708887e+00
   5.82103591e-01   1.10708887e+00   3.26570682e-02
   6.40773515e-01   1.21668606e+00   6.39729423e-01
   1.21668606e+00   7.88411418e-01   1.21668606e+00
   6.39729423e-01   1.21668606e+00   3.58899820e-02
   6.86719290e-01   1.30392685e+00   6.85600333e-01
   1.30392685e+00   8.44943363e-01   1.30392685e+00
   6.85600333e-01   1.30392685e+00   3.84634233e-02
   7.22638715e-01   1.37212983e+00   7.21461230e-01
   1.37212983e+00   8.89138830e-01   1.37212983e+00
   7.21461230e-01   1.37212983e+00   4.04752848e-02
   7.52040774e-01   1.42795778e+00   7.50815381e-01
   1.42795778e+00   9.25315293e-01   1.42795778e+00
   7.50815381e-01   1.42795778e+00   4.21221059e-02
   7.79408326e-01   1.47992266e+00   7.78138339e-01
   1.47992266e+00   9.58988485e-01   1.47992266e+00
   7.78138339e-01   1.47992266e+00   4.36549735e-02
   8.09243727e-01   1.53657344e+00   8.07925125e-01
   1.53657344e+00   9.95698134e-01   1.53657344e+00
   8.07925125e-01   1.53657344e+00   4.53260663e-02
   8.45134580e-01   1.60472217e+00   8.43757497e-01
   1.60472217e+00   1.03985845e+00   1.60472217e+00
   8.43757497e-01   1.60472217e+00   4.73363274e-02
   8.89011716e-01   1.68803507e+00   8.87563138e-01
   1.68803507e+00   1.09384513e+00   1.68803507e+00
   8.87563138e-01   1.68803507e+00   4.97939034e-02
   9.40724371e-01   1.78622587e+00   9.39191532e-01
   1.78622587e+00   1.15747267e+00   1.78622587e+00
   9.39191532e-01   1.78622587e+00   5.26903500e-02
   9.97991466e-01   1.89496332e+00   9.96365314e-01
   1.89496332e+00   1.22793444e+00   1.89496332e+00
   9.96365314e-01   1.89496332e+00   5.58979030e-02
   1.05671879e+00   2.00647341e+00   1.05499694e+00
   2.00647341e+00   1.30019287e+00   2.00647341e+00
   1.05499694e+00   2.00647341e+00   5.91872438e-02
   1.11161366e+00   2.11070654e+00   1.10980237e+00
   2.11070654e+00   1.36773584e+00   2.11070654e+00
   1.10980237e+00   2.11070654e+00   6.22619279e-02
   1.15698981e+00   2.19686573e+00   1.15510459e+00
   2.19686573e+00   1.42356692e+00   2.19686573e+00
   1.15510459e+00   2.19686573e+00   6.48034643e-02
   1.18763721e+00   2.25505831e+00   1.18570205e+00
   2.25505831e+00   1.46127565e+00   2.25505831e+00
   1.18570205e+00   2.25505831e+00   6.65200374e-02
   1.19963229e+00   2.27783430e+00   1.19767758e+00
   2.27783430e+00   1.47603447e+00   2.27783430e+00
   1.19767758e+00   2.27783430e+00   6.71918866e-02
   1.19097750e+00   2.26140077e+00   1.18903689e+00
   2.26140077e+00   1.46538556e+00   2.26140077e+00
   1.18903689e+00   2.26140077e+00   6.67071281e-02
   1.16198250e+00   2.20634573e+00   1.16008913e+00
   2.20634573e+00   1.42970995e+00   2.20634573e+00
   1.16008913e+00   2.20634573e+00   6.50831065e-02
   1.11533028e+00   2.11776358e+00   1.11351294e+00
   2.11776358e+00   1.37230879e+00   2.11776358e+00
   1.11351294e+00   2.11776358e+00   6.24700973e-02
   1.05580926e+00   2.00474642e+00   1.05408890e+00
   2.00474642e+00   1.29907378e+00   2.00474642e+00
   1.05408890e+00   2.00474642e+00   5.91363008e-02
   9.89736029e-01   1.87928808e+00   9.88123328e-01
   1.87928808e+00   1.21777690e+00   1.87928808e+00
   9.88123328e-01   1.87928808e+00   5.54355126e-02
   9.24139254e-01   1.75473443e+00   9.22633439e-01
   1.75473443e+00   1.13706625e+00   1.75473443e+00
   9.22633439e-01   1.75473443e+00   5.17614109e-02
   8.65816386e-01   1.64399231e+00   8.64405604e-01
   1.64399231e+00   1.06530546e+00   1.64399231e+00
   8.64405604e-01   1.64399231e+00   4.84947236e-02
   8.20404623e-01   1.55776549e+00   8.19067835e-01
   1.55776549e+00   1.00943056e+00   1.55776549e+00
   8.19067835e-01   1.55776549e+00   4.59511925e-02
   7.91617458e-01   1.50310508e+00   7.90327577e-01
   1.50310508e+00   9.74010671e-01   1.50310508e+00
   7.90327577e-01   1.50310508e+00   4.43388119e-02
   7.80782906e-01   1.48253268e+00   7.79510679e-01
   1.48253268e+00   9.60679776e-01   1.48253268e+00
   7.79510679e-01   1.48253268e+00   4.37319642e-02
   7.86776583e-01   1.49391334e+00   7.85494589e-01
   1.49391334e+00   9.68054431e-01   1.49391334e+00
   7.85494589e-01   1.49391334e+00   4.40676725e-02
   8.06375284e-01   1.53112690e+00   8.05061356e-01
   1.53112690e+00   9.92168785e-01   1.53112690e+00
   8.05061356e-01   1.53112690e+00   4.51654036e-02
   8.34974301e-01   1.58543006e+00   8.33613773e-01
   1.58543006e+00   1.02735718e+00   1.58543006e+00
   8.33613773e-01   1.58543006e+00   4.67672461e-02
   8.67531063e-01   1.64724809e+00   8.66117486e-01
   1.64724809e+00   1.06741521e+00   1.64724809e+00
   8.66117486e-01   1.64724809e+00   4.85907634e-02
   8.99538989e-01   1.70802401e+00   8.98073258e-01
   1.70802401e+00   1.10679794e+00   1.70802401e+00
   8.98073258e-01   1.70802401e+00   5.03835402e-02
   9.27817164e-01   1.76171796e+00   9.26305356e-01
   1.76171796e+00   1.14159157e+00   1.76171796e+00
   9.26305356e-01   1.76171796e+00   5.19674121e-02
   9.50933665e-01   1.80561104e+00   9.49384190e-01
   1.80561104e+00   1.17003425e+00   1.80561104e+00
   9.49384190e-01   1.80561104e+00   5.32621766e-02
   9.69160714e-01   1.84022015e+00   9.67581539e-01
   1.84022015e+00   1.19246091e+00   1.84022015e+00
   9.67581539e-01   1.84022015e+00   5.42830810e-02
   9.83972059e-01   1.86834359e+00   9.82368751e-01
   1.86834359e+00   1.21068488e+00   1.86834359e+00
   9.82368751e-01   1.86834359e+00   5.51126704e-02
   9.97210736e-01   1.89348089e+00   9.95585856e-01
   1.89348089e+00   1.22697382e+00   1.89348089e+00
   9.95585856e-01   1.89348089e+00   5.58541740e-02
   1.01014805e+00   1.91804596e+00   1.00850209e+00
   1.91804596e+00   1.24289197e+00   1.91804596e+00
   1.00850209e+00   1.91804596e+00   5.65787982e-02
   1.02269548e+00   1.94187073e+00   1.02102907e+00
   1.94187073e+00   1.25833040e+00   1.94187073e+00
   1.02102907e+00   1.94187073e+00   5.72815846e-02
   1.03300471e+00   1.96144567e+00   1.03132151e+00
   1.96144567e+00   1.27101494e+00   1.96144567e+00
   1.03132151e+00   1.96144567e+00   5.78590091e-02
   1.03759937e+00   1.97016990e+00   1.03590868e+00
   1.97016990e+00   1.27666823e+00   1.97016990e+00
   1.03590868e+00   1.97016990e+00   5.81163578e-02
   1.03204451e+00   1.95962246e+00   1.03036287e+00
   1.95962246e+00   1.26983350e+00   1.95962246e+00
   1.03036287e+00   1.95962246e+00   5.78052277e-02
   1.01201223e+00   1.92158563e+00   1.01036324e+00
   1.92158563e+00   1.24518567e+00   1.92158563e+00
   1.01036324e+00   1.92158563e+00   5.66832117e-02
   9.74482452e-01   1.85032494e+00   9.72894607e-01
   1.85032494e+00   1.19900881e+00   1.85032494e+00
   9.72894607e-01   1.85032494e+00   5.45811537e-02
   9.18761876e-01   1.74452399e+00   9.17264823e-01
   1.74452399e+00   1.13044990e+00   1.74452399e+00
   9.17264823e-01   1.74452399e+00   5.14602218e-02
   8.47030952e-01   1.60832295e+00   8.45650779e-01
   1.60832295e+00   1.04219175e+00   1.60832295e+00
   8.45650779e-01   1.60832295e+00   4.74425439e-02
   7.64236331e-01   1.45111443e+00   7.62991066e-01
   1.45111443e+00   9.40320776e-01   1.45111443e+00
   7.62991066e-01   1.45111443e+00   4.28051839e-02
   6.77311948e-01   1.28606440e+00   6.76208319e-01
   1.28606440e+00   8.33368515e-01   1.28606440e+00
   6.76208319e-01   1.28606440e+00   3.79365143e-02
   5.93893002e-01   1.12767042e+00   5.92925298e-01
   1.12767042e+00   7.30729365e-01   1.12767042e+00
   5.92925298e-01   1.12767042e+00   3.32641857e-02
   5.20833536e-01   9.88946779e-01   5.19984877e-01
   9.88946779e-01   6.40836577e-01   9.88946779e-01
   5.19984877e-01   9.88946779e-01   2.91720956e-02
   4.62905516e-01   8.78954382e-01   4.62151246e-01
   8.78954382e-01   5.69561608e-01   8.78954382e-01
   4.62151246e-01   8.78954382e-01   2.59275239e-02
   4.22022205e-01   8.01326089e-01   4.21334552e-01
   8.01326089e-01   5.19258548e-01   8.01326089e-01
   4.21334552e-01   8.01326089e-01   2.36376333e-02
   3.97197385e-01   7.54189289e-01   3.96550182e-01
   7.54189289e-01   4.88713946e-01   7.54189289e-01
   3.96550182e-01   7.54189289e-01   2.22471851e-02
   3.85258369e-01   7.31519759e-01   3.84630619e-01
   7.31519759e-01   4.74024112e-01   7.31519759e-01
   3.84630619e-01   7.31519759e-01   2.15784760e-02
   3.82126037e-01   7.25572160e-01   3.81503392e-01
   7.25572160e-01   4.70170073e-01   7.25572160e-01
   3.81503392e-01   7.25572160e-01   2.14030329e-02
   3.84314314e-01   7.29727209e-01   3.83688103e-01
   7.29727209e-01   4.72862541e-01   7.29727209e-01
   3.83688103e-01   7.29727209e-01   2.15255991e-02
   3.90229762e-01   7.40959327e-01   3.89593912e-01
   7.40959327e-01   4.80140943e-01   7.40959327e-01
   3.89593912e-01   7.40959327e-01   2.18569258e-02
   4.00892443e-01   7.61205380e-01   4.00239219e-01
   7.61205380e-01   4.93260366e-01   7.61205380e-01
   4.00239219e-01   7.61205380e-01   2.24541468e-02
   4.19845266e-01   7.97192567e-01   4.19161160e-01
   7.97192567e-01   5.16580029e-01   7.97192567e-01
   4.19161160e-01   7.97192567e-01   2.35157020e-02
   4.52234611e-01   8.58692712e-01   4.51497728e-01
   8.58692712e-01   5.56432065e-01   8.58692712e-01
   4.51497728e-01   8.58692712e-01   2.53298422e-02
   5.03273306e-01   9.55603817e-01   5.02453261e-01
   9.55603817e-01   6.19230370e-01   9.55603817e-01
   5.02453261e-01   9.55603817e-01   2.81885401e-02
   5.76477125e-01   1.09460155e+00   5.75537799e-01
   1.09460155e+00   7.09300769e-01   1.09460155e+00
   5.75537799e-01   1.09460155e+00   3.22887154e-02
   6.72148537e-01   1.27626023e+00   6.71053322e-01
   1.27626023e+00   8.27015424e-01   1.27626023e+00
   6.71053322e-01   1.27626023e+00   3.76473096e-02
   7.86541699e-01   1.49346735e+00   7.85260088e-01
   1.49346735e+00   9.67765428e-01   1.49346735e+00
   7.85260088e-01   1.49346735e+00   4.40545165e-02
   9.11985546e-01   1.73165725e+00   9.10499534e-01
   1.73165725e+00   1.12211226e+00   1.73165725e+00
   9.10499534e-01   1.73165725e+00   5.10806768e-02
   1.03800344e+00   1.97093714e+00   1.03631209e+00
   1.97093714e+00   1.27716540e+00   1.97093714e+00
   1.03631209e+00   1.97093714e+00   5.81389899e-02
   1.15320791e+00   2.18968475e+00   1.15132885e+00
   2.18968475e+00   1.41891365e+00   2.18968475e+00
   1.15132885e+00   2.18968475e+00   6.45916386e-02
   1.24753755e+00   2.36879571e+00   1.24550478e+00
   2.36879571e+00   1.53497738e+00   2.36879571e+00
   1.24550478e+00   2.36879571e+00   6.98750795e-02
   1.31429976e+00   2.49556226e+00   1.31215821e+00
   2.49556226e+00   1.61712199e+00   2.49556226e+00
   1.31215821e+00   2.49556226e+00   7.36144578e-02
   1.35151803e+00   2.56623146e+00   1.34931584e+00
   2.56623146e+00   1.66291556e+00   2.56623146e+00
   1.34931584e+00   2.56623146e+00   7.56990680e-02
   1.36224699e+00   2.58660336e+00   1.36002731e+00
   2.58660336e+00   1.67611653e+00   2.58660336e+00
   1.36002731e+00   2.58660336e+00   7.63000012e-02
   1.35376882e+00   2.57050521e+00   1.35156296e+00
   2.57050521e+00   1.66568494e+00   2.57050521e+00
   1.35156296e+00   2.57050521e+00   7.58251357e-02
   1.33585612e+00   2.53649299e+00   1.33367945e+00
   2.53649299e+00   1.64364506e+00   2.53649299e+00
   1.33367945e+00   2.53649299e+00   7.48218382e-02
   1.31851275e+00   2.50356178e+00   1.31636433e+00
   2.50356178e+00   1.62230567e+00   2.50356178e+00
   1.31636433e+00   2.50356178e+00   7.38504287e-02
   1.30973086e+00   2.48688693e+00   1.30759675e+00
   2.48688693e+00   1.61150038e+00   2.48688693e+00
   1.30759675e+00   2.48688693e+00   7.33585515e-02
   1.31379677e+00   2.49460719e+00   1.31165604e+00
   2.49460719e+00   1.61650310e+00   2.49460719e+00
   1.31165604e+00   2.49460719e+00   7.35862848e-02
   1.33053851e+00   2.52639602e+00   1.32837050e+00
   2.52639602e+00   1.63710223e+00   2.52639602e+00
   1.32837050e+00   2.52639602e+00   7.45239964e-02
   1.35566812e+00   2.57411155e+00   1.35345916e+00
   2.57411155e+00   1.66802185e+00   2.57411155e+00
   1.35345916e+00   2.57411155e+00   7.59315160e-02
   1.38209539e+00   2.62429104e+00   1.37984337e+00
   2.62429104e+00   1.70053811e+00   2.62429104e+00
   1.37984337e+00   2.62429104e+00   7.74117180e-02
   1.40185170e+00   2.66180387e+00   1.39956749e+00
   2.66180387e+00   1.72484639e+00   2.66180387e+00
   1.39956749e+00   2.66180387e+00   7.85182770e-02
   1.40812531e+00   2.67371606e+00   1.40583087e+00
   2.67371606e+00   1.73256548e+00   2.67371606e+00
   1.40583087e+00   2.67371606e+00   7.88696643e-02
   1.39690449e+00   2.65241022e+00   1.39462834e+00
   2.65241022e+00   1.71875932e+00   2.65241022e+00
   1.39462834e+00   2.65241022e+00   7.82411817e-02
   1.36784780e+00   2.59723805e+00   1.36561900e+00
   2.59723805e+00   1.68300780e+00   2.59723805e+00
   1.36561900e+00   2.59723805e+00   7.66137049e-02
   1.32421456e+00   2.51438825e+00   1.32205685e+00
   2.51438825e+00   1.62932121e+00   2.51438825e+00
   1.32205685e+00   2.51438825e+00   7.41697896e-02
   1.27193556e+00   2.41512209e+00   1.26986304e+00
   2.41512209e+00   1.56499683e+00   2.41512209e+00
   1.26986304e+00   2.41512209e+00   7.12416219e-02
   1.21811863e+00   2.31293573e+00   1.21613380e+00
   2.31293573e+00   1.49878016e+00   2.31293573e+00
   1.21613380e+00   2.31293573e+00   6.82273138e-02
   1.16940985e+00   2.22044862e+00   1.16750439e+00
   2.22044862e+00   1.43884860e+00   2.22044862e+00
   1.16750439e+00   2.22044862e+00   6.54991156e-02
   1.13063795e+00   2.14682942e+00   1.12879566e+00
   2.14682942e+00   1.39114343e+00   2.14682942e+00
   1.12879566e+00   2.14682942e+00   6.33274857e-02
   1.10405984e+00   2.09636352e+00   1.10226086e+00
   2.09636352e+00   1.35844158e+00   2.09636352e+00
   1.10226086e+00   2.09636352e+00   6.18388353e-02
   1.08933732e+00   2.06840873e+00   1.08756232e+00
   2.06840873e+00   1.34032690e+00   2.06840873e+00
   1.08756232e+00   2.06840873e+00   6.10142208e-02
   1.08416501e+00   2.05858767e+00   1.08239845e+00
   2.05858767e+00   1.33396287e+00   2.05858767e+00
   1.08239845e+00   2.05858767e+00   6.07245180e-02
   1.08529894e+00   2.06074075e+00   1.08353053e+00
   2.06074075e+00   1.33535805e+00   2.06074075e+00
   1.08353053e+00   2.06074075e+00   6.07880296e-02
   1.08964729e+00   2.06899729e+00   1.08787179e+00
   2.06899729e+00   1.34070829e+00   2.06899729e+00
   1.08787179e+00   2.06899729e+00   6.10315825e-02
   1.09510079e+00   2.07935227e+00   1.09331640e+00
   2.07935227e+00   1.34741831e+00   2.07935227e+00
   1.09331640e+00   2.07935227e+00   6.13370351e-02
   1.10088744e+00   2.09033983e+00   1.09909362e+00
   2.09033983e+00   1.35453823e+00   2.09033983e+00
   1.09909362e+00   2.09033983e+00   6.16611476e-02
   1.10740000e+00   2.10270573e+00   1.10559558e+00
   2.10270573e+00   1.36255133e+00   2.10270573e+00
   1.10559558e+00   2.10270573e+00   6.20259189e-02
   1.11561265e+00   2.11829973e+00   1.11379485e+00
   2.11829973e+00   1.37265622e+00   2.11829973e+00
   1.11379485e+00   2.11829973e+00   6.24859129e-02
   1.12632553e+00   2.13864110e+00   1.12449027e+00
   2.13864110e+00   1.38583741e+00   2.13864110e+00
   1.12449027e+00   2.13864110e+00   6.30859456e-02
   1.13951757e+00   2.16368984e+00   1.13766081e+00
   2.16368984e+00   1.40206897e+00   2.16368984e+00
   1.13766081e+00   2.16368984e+00   6.38248368e-02
   1.15403938e+00   2.19126353e+00   1.15215896e+00
   2.19126353e+00   1.41993669e+00   2.19126353e+00
   1.15215896e+00   2.19126353e+00   6.46382095e-02
   1.16775698e+00   2.21731019e+00   1.16585421e+00
   2.21731019e+00   1.43681491e+00   2.21731019e+00
   1.16585421e+00   2.21731019e+00   6.54065379e-02
   1.17810240e+00   2.23695383e+00   1.17618277e+00
   2.23695383e+00   1.44954397e+00   2.23695383e+00
   1.17618277e+00   2.23695383e+00   6.59859887e-02
   1.18284807e+00   2.24596480e+00   1.18092071e+00
   2.24596480e+00   1.45538307e+00   2.24596480e+00
   1.18092071e+00   2.24596480e+00   6.62517957e-02
   1.18084109e+00   2.24215400e+00   1.17891700e+00
   2.24215400e+00   1.45291367e+00   2.24215400e+00
   1.17891700e+00   2.24215400e+00   6.61393841e-02
   1.17243681e+00   2.22619613e+00   1.17052641e+00
   2.22619613e+00   1.44257299e+00   2.22619613e+00
   1.17052641e+00   2.22619613e+00   6.56686565e-02
   1.15945856e+00   2.20155333e+00   1.15756931e+00
   2.20155333e+00   1.42660448e+00   2.20155333e+00
   1.15756931e+00   2.20155333e+00   6.49417397e-02
   1.14465623e+00   2.17344701e+00   1.14279110e+00
   2.17344701e+00   1.40839161e+00   2.17344701e+00
   1.14279110e+00   2.17344701e+00   6.41126555e-02
   1.13079676e+00   2.14713096e+00   1.12895421e+00
   2.14713096e+00   1.39133883e+00   2.14713096e+00
   1.12895421e+00   2.14713096e+00   6.33363807e-02
   1.11964698e+00   2.12596001e+00   1.11782259e+00
   2.12596001e+00   1.37762008e+00   2.12596001e+00
   1.11782259e+00   2.12596001e+00   6.27118769e-02
   1.11116245e+00   2.10984979e+00   1.10935190e+00
   2.10984979e+00   1.36718067e+00   2.10984979e+00
   1.10935190e+00   2.10984979e+00   6.22366554e-02
   1.10315614e+00   2.09464759e+00   1.10135863e+00
   2.09464759e+00   1.35732966e+00   2.09464759e+00
   1.10135863e+00   2.09464759e+00   6.17882186e-02
   1.09159629e+00   2.07269800e+00   1.08981761e+00
   2.07269800e+00   1.34310635e+00   2.07269800e+00
   1.08981761e+00   2.07269800e+00   6.11407465e-02
   1.07150749e+00   2.03455386e+00   1.06976155e+00
   2.03455386e+00   1.31838897e+00   2.03455386e+00
   1.06976155e+00   2.03455386e+00   6.00155649e-02
   1.03827202e+00   1.97144712e+00   1.03658024e+00
   1.97144712e+00   1.27749587e+00   1.97144712e+00
   1.03658024e+00   1.97144712e+00   5.81540332e-02
   9.89001358e-01   1.87789311e+00   9.87389854e-01
   1.87789311e+00   1.21687296e+00   1.87789311e+00
   9.87389854e-01   1.87789311e+00   5.53943634e-02
   9.23607772e-01   1.75372527e+00   9.22102823e-01
   1.75372527e+00   1.13641231e+00   1.75372527e+00
   9.22102823e-01   1.75372527e+00   5.17316424e-02
   8.45267682e-01   1.60497490e+00   8.43890382e-01
   1.60497490e+00   1.04002222e+00   1.60497490e+00
   8.43890382e-01   1.60497490e+00   4.73437825e-02
   7.60117924e-01   1.44329449e+00   7.58879369e-01
   1.44329449e+00   9.35253464e-01   1.44329449e+00
   7.58879369e-01   1.44329449e+00   4.25745103e-02
   6.76225337e-01   1.28400117e+00   6.75123479e-01
   1.28400117e+00   8.32031543e-01   1.28400117e+00
   6.75123479e-01   1.28400117e+00   3.78756528e-02
   6.02063220e-01   1.14318384e+00   6.01082203e-01
   1.14318384e+00   7.40782047e-01   1.14318384e+00
   6.01082203e-01   1.14318384e+00   3.37218028e-02
   5.44860815e-01   1.03456923e+00   5.43973005e-01
   1.03456923e+00   6.70399879e-01   1.03456923e+00
   5.43973005e-01   1.03456923e+00   3.05178732e-02
   5.09226345e-01   9.66907311e-01   5.08396599e-01
   9.66907311e-01   6.26555023e-01   9.66907311e-01
   5.08396599e-01   9.66907311e-01   2.85219722e-02
   4.96372229e-01   9.42500210e-01   4.95563428e-01
   9.42500210e-01   6.10739245e-01   9.42500210e-01
   4.95563428e-01   9.42500210e-01   2.78020080e-02
   5.04115104e-01   9.57202202e-01   5.03293686e-01
   9.57202202e-01   6.20266122e-01   9.57202202e-01
   5.03293686e-01   9.57202202e-01   2.82356895e-02
   5.27626576e-01   1.00184525e+00   5.26766848e-01
   1.00184525e+00   6.49194773e-01   1.00184525e+00
   5.26766848e-01   1.00184525e+00   2.95525765e-02
   5.60724961e-01   1.06469170e+00   5.59811302e-01
   1.06469170e+00   6.89919216e-01   1.06469170e+00
   5.59811302e-01   1.06469170e+00   3.14064304e-02
   5.97370756e-01   1.13427390e+00   5.96397385e-01
   1.13427390e+00   7.35008413e-01   1.13427390e+00
   5.96397385e-01   1.13427390e+00   3.34589760e-02
   6.32990913e-01   1.20190864e+00   6.31959502e-01
   1.20190864e+00   7.78835659e-01   1.20190864e+00
   6.31959502e-01   1.20190864e+00   3.54540754e-02
   6.65317252e-01   1.26328915e+00   6.64233167e-01
   1.26328915e+00   8.18610172e-01   1.26328915e+00
   6.64233167e-01   1.26328915e+00   3.72646866e-02
   6.94564393e-01   1.31882295e+00   6.93432652e-01
   1.31882295e+00   8.54596022e-01   1.31882295e+00
   6.93432652e-01   1.31882295e+00   3.89028307e-02
   7.22952467e-01   1.37272557e+00   7.21774470e-01
   1.37272557e+00   8.89524872e-01   1.37272557e+00
   7.21774470e-01   1.37272557e+00   4.04928581e-02
   7.53749207e-01   1.43120172e+00   7.52521030e-01
   1.43120172e+00   9.27417358e-01   1.43120172e+00
   7.52521030e-01   1.43120172e+00   4.22177959e-02
   7.90119665e-01   1.50026111e+00   7.88832225e-01
   1.50026111e+00   9.72167779e-01   1.50026111e+00
   7.88832225e-01   1.50026111e+00   4.42549199e-02
   8.34101969e-01   1.58377370e+00   8.32742863e-01
   1.58377370e+00   1.02628386e+00   1.58377370e+00
   8.32742863e-01   1.58377370e+00   4.67183864e-02
   8.85970814e-01   1.68226107e+00   8.84527192e-01
   1.68226107e+00   1.09010358e+00   1.68226107e+00
   8.84527192e-01   1.68226107e+00   4.96235813e-02
   9.44126690e-01   1.79268612e+00   9.42588306e-01
   1.79268612e+00   1.16165891e+00   1.79268612e+00
   9.42588306e-01   1.79268612e+00   5.28809152e-02
   1.00549526e+00   1.90921135e+00   1.00385688e+00
   1.90921135e+00   1.23716715e+00   1.90921135e+00
   1.00385688e+00   1.90921135e+00   5.63181936e-02
   1.06628174e+00   2.02463132e+00   1.06454431e+00
   2.02463132e+00   1.31195918e+00   2.02463132e+00
   1.06454431e+00   2.02463132e+00   5.97228684e-02
   1.12283787e+00   2.13201881e+00   1.12100829e+00
   2.13201881e+00   1.38154617e+00   2.13201881e+00
   1.12100829e+00   2.13201881e+00   6.28906003e-02
   1.17238696e+00   2.22610148e+00   1.17047664e+00
   2.22610148e+00   1.44251165e+00   2.22610148e+00
   1.17047664e+00   2.22610148e+00   6.56658645e-02
   1.21341426e+00   2.30400319e+00   1.21143710e+00
   2.30400319e+00   1.49299189e+00   2.30400319e+00
   1.21143710e+00   2.30400319e+00   6.79638204e-02
   1.24564538e+00   2.36520290e+00   1.24361570e+00
   2.36520290e+00   1.53264924e+00   2.36520290e+00
   1.24361570e+00   2.36520290e+00   6.97690983e-02
   1.26966613e+00   2.41081295e+00   1.26759731e+00
   2.41081295e+00   1.56220451e+00   2.41081295e+00
   1.26759731e+00   2.41081295e+00   7.11145101e-02
   1.28634575e+00   2.44248381e+00   1.28424974e+00
   2.44248381e+00   1.58272720e+00   2.44248381e+00
   1.28424974e+00   2.44248381e+00   7.20487420e-02
   1.29627836e+00   2.46134363e+00   1.29416617e+00
   2.46134363e+00   1.59494834e+00   2.46134363e+00
   1.29416617e+00   2.46134363e+00   7.26050715e-02
   1.29944190e+00   2.46735049e+00   1.29732456e+00
   2.46735049e+00   1.59884079e+00   2.46735049e+00
   1.29732456e+00   2.46735049e+00   7.27822630e-02
   1.29519479e+00   2.45928618e+00   1.29308437e+00
   2.45928618e+00   1.59361512e+00   2.45928618e+00
   1.29308437e+00   2.45928618e+00   7.25443807e-02
   1.28261432e+00   2.43539866e+00   1.28052439e+00
   2.43539866e+00   1.57813603e+00   2.43539866e+00
   1.28052439e+00   2.43539866e+00   7.18397431e-02
   1.26106308e+00   2.39447767e+00   1.25900827e+00
   2.39447767e+00   1.55161927e+00   2.39447767e+00
   1.25900827e+00   2.39447767e+00   7.06326498e-02
   1.23078769e+00   2.33699145e+00   1.22878221e+00
   2.33699145e+00   1.51436825e+00   2.33699145e+00
   1.22878221e+00   2.33699145e+00   6.89369130e-02
   1.19333289e+00   2.26587313e+00   1.19138844e+00
   2.26587313e+00   1.46828364e+00   2.26587313e+00
   1.19138844e+00   2.26587313e+00   6.68390544e-02
   1.15160259e+00   2.18663661e+00   1.14972614e+00
   2.18663661e+00   1.41693845e+00   2.18663661e+00
   1.14972614e+00   2.18663661e+00   6.45017240e-02
   1.10950291e+00   2.10669869e+00   1.10769506e+00
   2.10669869e+00   1.36513876e+00   2.10669869e+00
   1.10769506e+00   2.10669869e+00   6.21437036e-02
   1.07123075e+00   2.03402839e+00   1.06948526e+00
   2.03402839e+00   1.31804847e+00   2.03402839e+00
   1.06948526e+00   2.03402839e+00   6.00000647e-02
   1.04038665e+00   1.97546232e+00   1.03869142e+00
   1.97546232e+00   1.28009771e+00   1.97546232e+00
   1.03869142e+00   1.97546232e+00   5.82724742e-02
   1.01915528e+00   1.93514867e+00   1.01749464e+00
   1.93514867e+00   1.25397451e+00   1.93514867e+00
   1.01749464e+00   1.93514867e+00   5.70832964e-02
   1.00779244e+00   1.91357317e+00   1.00615031e+00
   1.91357317e+00   1.23999361e+00   1.91357317e+00
   1.00615031e+00   1.91357317e+00   5.64468592e-02
   1.00458188e+00   1.90747705e+00   1.00294499e+00
   1.90747705e+00   1.23604332e+00   1.90747705e+00
   1.00294499e+00   1.90747705e+00   5.62670349e-02
   1.00630017e+00   1.91073970e+00   1.00466048e+00
   1.91073970e+00   1.23815752e+00   1.91073970e+00
   1.00466048e+00   1.91073970e+00   5.63632771e-02
   1.00908728e+00   1.91603179e+00   1.00744305e+00
   1.91603179e+00   1.24158679e+00   1.91603179e+00
   1.00744305e+00   1.91603179e+00   5.65193839e-02
   1.00950401e+00   1.91682308e+00   1.00785910e+00
   1.91682308e+00   1.24209954e+00   1.91682308e+00
   1.00785910e+00   1.91682308e+00   5.65427253e-02
   1.00549789e+00   1.90921634e+00   1.00385951e+00
   1.90921634e+00   1.23717038e+00   1.90921634e+00
   1.00385951e+00   1.90921634e+00   5.63183408e-02
   9.97014734e-01   1.89310872e+00   9.95390173e-01
   1.89310872e+00   1.22673266e+00   1.89310872e+00
   9.95390173e-01   1.89310872e+00   5.58431958e-02
   9.86081639e-01   1.87234921e+00   9.84474893e-01
   1.87234921e+00   1.21328052e+00   1.87234921e+00
   9.84474893e-01   1.87234921e+00   5.52308288e-02
   9.76324185e-01   1.85382198e+00   9.74733338e-01
   1.85382198e+00   1.20127489e+00   1.85382198e+00
   9.74733338e-01   1.85382198e+00   5.46843098e-02
   9.72029976e-01   1.84566824e+00   9.70446127e-01
   1.84566824e+00   1.19599127e+00   1.84566824e+00
   9.70446127e-01   1.84566824e+00   5.44437895e-02
   9.76991455e-01   1.85508898e+00   9.75399521e-01
   1.85508898e+00   1.20209590e+00   1.85508898e+00
   9.75399521e-01   1.85508898e+00   5.47216839e-02
   9.93421765e-01   1.88628647e+00   9.91803059e-01
   1.88628647e+00   1.22231185e+00   1.88628647e+00
   9.91803059e-01   1.88628647e+00   5.56419522e-02
   1.02122265e+00   1.93907415e+00   1.01955864e+00
   1.93907415e+00   1.25651822e+00   1.93907415e+00
   1.01955864e+00   1.93907415e+00   5.71990907e-02
   1.05779669e+00   2.00852010e+00   1.05607309e+00
   2.00852010e+00   1.30151913e+00   2.00852010e+00
   1.05607309e+00   2.00852010e+00   5.92476175e-02
   1.09845975e+00   2.08573020e+00   1.09666989e+00
   2.08573020e+00   1.35155119e+00   2.08573020e+00
   1.09666989e+00   2.08573020e+00   6.15251720e-02
   1.13735826e+00   2.15958979e+00   1.13550502e+00
   2.15958979e+00   1.39941214e+00   2.15958979e+00
   1.13550502e+00   2.15958979e+00   6.37038931e-02
   1.16866970e+00   2.21904323e+00   1.16676544e+00
   2.21904323e+00   1.43793791e+00   2.21904323e+00
   1.16676544e+00   2.21904323e+00   6.54576592e-02
   1.18779606e+00   2.25535993e+00   1.18586063e+00
   2.25535993e+00   1.46147110e+00   2.25535993e+00
   1.18586063e+00   2.25535993e+00   6.65289344e-02
   1.19226621e+00   2.26384775e+00   1.19032350e+00
   2.26384775e+00   1.46697120e+00   2.26384775e+00
   1.19032350e+00   2.26384775e+00   6.67793095e-02
   1.18214067e+00   2.24462161e+00   1.18021446e+00
   2.24462161e+00   1.45451268e+00   2.24462161e+00
   1.18021446e+00   2.24462161e+00   6.62121741e-02
   1.15983954e+00   2.20227673e+00   1.15794967e+00
   2.20227673e+00   1.42707324e+00   2.20227673e+00
   1.15794967e+00   2.20227673e+00   6.49630787e-02
   1.12945751e+00   2.14458803e+00   1.12761715e+00
   2.14458803e+00   1.38969102e+00   2.14458803e+00
   1.12761715e+00   2.14458803e+00   6.32613691e-02
   1.09575310e+00   2.08059087e+00   1.09396765e+00
   2.08059087e+00   1.34822092e+00   2.08059087e+00
   1.09396765e+00   2.08059087e+00   6.13735714e-02
   1.06307173e+00   2.01853623e+00   1.06133953e+00
   2.01853623e+00   1.30800957e+00   2.01853623e+00
   1.06133953e+00   2.01853623e+00   5.95430747e-02
   1.03446756e+00   1.96422329e+00   1.03278197e+00
   1.96422329e+00   1.27281483e+00   1.96422329e+00
   1.03278197e+00   1.96422329e+00   5.79409435e-02
   1.01122653e+00   1.92009375e+00   1.00957881e+00
   1.92009375e+00   1.24421894e+00   1.92009375e+00
   1.00957881e+00   1.92009375e+00   5.66392042e-02
   9.92881562e-01   1.88526075e+00   9.91263736e-01
   1.88526075e+00   1.22164718e+00   1.88526075e+00
   9.91263736e-01   1.88526075e+00   5.56116952e-02
   9.77680672e-01   1.85639765e+00   9.76087615e-01
   1.85639765e+00   1.20294392e+00   1.85639765e+00
   9.76087615e-01   1.85639765e+00   5.47602872e-02
   9.63355122e-01   1.82919662e+00   9.61785407e-01
   1.82919662e+00   1.18531768e+00   1.82919662e+00
   9.61785407e-01   1.82919662e+00   5.39579074e-02
   9.47966402e-01   1.79997687e+00   9.46421762e-01
   1.79997687e+00   1.16638331e+00   1.79997687e+00
   9.46421762e-01   1.79997687e+00   5.30959790e-02
   9.30603301e-01   1.76700821e+00   9.29086953e-01
   1.76700821e+00   1.14501965e+00   1.76700821e+00
   9.29086953e-01   1.76700821e+00   5.21234647e-02
   9.11752432e-01   1.73121462e+00   9.10266800e-01
   1.73121462e+00   1.12182543e+00   1.73121462e+00
   9.10266800e-01   1.73121462e+00   5.10676200e-02
   8.93260571e-01   1.69610270e+00   8.91805070e-01
   1.69610270e+00   1.09907294e+00   1.69610270e+00
   8.91805070e-01   1.69610270e+00   5.00318835e-02
   8.77918053e-01   1.66697067e+00   8.76487551e-01
   1.66697067e+00   1.08019542e+00   1.66697067e+00
   8.76487551e-01   1.66697067e+00   4.91725428e-02
   8.68789410e-01   1.64963742e+00   8.67373783e-01
   1.64963742e+00   1.06896348e+00   1.64963742e+00
   8.67373783e-01   1.64963742e+00   4.86612439e-02
   8.68475751e-01   1.64904185e+00   8.67060635e-01
   1.64904185e+00   1.06857756e+00   1.64904185e+00
   8.67060635e-01   1.64904185e+00   4.86436757e-02
   8.78500256e-01   1.66807615e+00   8.77068806e-01
   1.66807615e+00   1.08091177e+00   1.66807615e+00
   8.77068806e-01   1.66807615e+00   4.92051523e-02
   8.98965272e-01   1.70693465e+00   8.97500476e-01
   1.70693465e+00   1.10609204e+00   1.70693465e+00
   8.97500476e-01   1.70693465e+00   5.03514061e-02
   9.28551327e-01   1.76311197e+00   9.27038322e-01
   1.76311197e+00   1.14249489e+00   1.76311197e+00
   9.27038322e-01   1.76311197e+00   5.20085329e-02
   9.64837560e-01   1.83201144e+00   9.63265430e-01
   1.83201144e+00   1.18714168e+00   1.83201144e+00
   9.63265430e-01   1.83201144e+00   5.40409394e-02
   1.00484360e+00   1.90797400e+00   1.00320628e+00
   1.90797400e+00   1.23636534e+00   1.90797400e+00
   1.00320628e+00   1.90797400e+00   5.62816938e-02
   1.04564441e+00   1.98544564e+00   1.04394062e+00
   1.98544564e+00   1.28656690e+00   1.98544564e+00
   1.04394062e+00   1.98544564e+00   5.85669637e-02
   1.08490241e+00   2.05998783e+00   1.08313465e+00
   2.05998783e+00   1.33487017e+00   2.05998783e+00
   1.08313465e+00   2.05998783e+00   6.07658201e-02
   1.12119431e+00   2.12889805e+00   1.11936741e+00
   2.12889805e+00   1.37952392e+00   2.12889805e+00
   1.11936741e+00   2.12889805e+00   6.27985436e-02
   1.15407216e+00   2.19132576e+00   1.15219169e+00
   2.19132576e+00   1.41997702e+00   2.19132576e+00
   1.15219169e+00   2.19132576e+00   6.46400453e-02
   1.18387085e+00   2.24790683e+00   1.18194182e+00
   2.24790683e+00   1.45664150e+00   2.24790683e+00
   1.18194182e+00   2.24790683e+00   6.63090818e-02
   1.21133764e+00   2.30006015e+00   1.20936386e+00
   2.30006015e+00   1.49043680e+00   2.30006015e+00
   1.20936386e+00   2.30006015e+00   6.78475081e-02
   1.23719827e+00   2.34916371e+00   1.23518235e+00
   2.34916371e+00   1.52225586e+00   2.34916371e+00
   1.23518235e+00   2.34916371e+00   6.92959721e-02
   1.26177974e+00   2.39583845e+00   1.25972377e+00
   2.39583845e+00   1.55250105e+00   2.39583845e+00
   1.25972377e+00   2.39583845e+00   7.06727903e-02
   1.28478473e+00   2.43951979e+00   1.28269127e+00
   2.43951979e+00   1.58080652e+00   2.43951979e+00
   1.28269127e+00   2.43951979e+00   7.19613089e-02
   1.30526447e+00   2.47840626e+00   1.30313764e+00
   2.47840626e+00   1.60600491e+00   2.47840626e+00
   1.30313764e+00   2.47840626e+00   7.31083874e-02
   1.32178189e+00   2.50976915e+00   1.31962815e+00
   2.50976915e+00   1.62632804e+00   2.50976915e+00
   1.31962815e+00   2.50976915e+00   7.40335347e-02
   1.33270837e+00   2.53051610e+00   1.33053682e+00
   2.53051610e+00   1.63977204e+00   2.53051610e+00
   1.33053682e+00   2.53051610e+00   7.46455311e-02
   1.33656882e+00   2.53784623e+00   1.33439098e+00
   2.53784623e+00   1.64452196e+00   2.53784623e+00
   1.33439098e+00   2.53784623e+00   7.48617565e-02
   1.33234589e+00   2.52982784e+00   1.33017493e+00
   2.52982784e+00   1.63932605e+00   2.52982784e+00
   1.33017493e+00   2.52982784e+00   7.46252287e-02
   1.31967375e+00   2.50576627e+00   1.31752344e+00
   2.50576627e+00   1.62373417e+00   2.50576627e+00
   1.31752344e+00   2.50576627e+00   7.39154571e-02
   1.29888753e+00   2.46629786e+00   1.29677109e+00
   2.46629786e+00   1.59815868e+00   2.46629786e+00
   1.29677109e+00   2.46629786e+00   7.27512122e-02
   1.27093471e+00   2.41322169e+00   1.26886382e+00
   2.41322169e+00   1.56376537e+00   2.41322169e+00
   1.26886382e+00   2.41322169e+00   7.11855637e-02
   1.23718872e+00   2.34914557e+00   1.23517281e+00
   2.34914557e+00   1.52224411e+00   2.34914557e+00
   1.23517281e+00   2.34914557e+00   6.92954370e-02
   1.19922348e+00   2.27705806e+00   1.19726944e+00
   2.27705806e+00   1.47553147e+00   2.27705806e+00
   1.19726944e+00   2.27705806e+00   6.71689891e-02
   1.15860867e+00   2.19993958e+00   1.15672080e+00
   2.19993958e+00   1.42555877e+00   2.19993958e+00
   1.15672080e+00   2.19993958e+00   6.48941370e-02
   1.11676902e+00   2.12049542e+00   1.11494933e+00
   2.12049542e+00   1.37407903e+00   2.12049542e+00
   1.11494933e+00   2.12049542e+00   6.25506816e-02
   1.07492584e+00   2.04104454e+00   1.07317433e+00
   2.04104454e+00   1.32259493e+00   2.04104454e+00
   1.07317433e+00   2.04104454e+00   6.02070281e-02
   1.03411134e+00   1.96354691e+00   1.03242633e+00
   1.96354691e+00   1.27237654e+00   1.96354691e+00
   1.03242633e+00   1.96354691e+00   5.79209916e-02
   9.95226781e-01   1.88971380e+00   9.93605134e-01
   1.88971380e+00   1.22453275e+00   1.88971380e+00
   9.93605134e-01   1.88971380e+00   5.57430519e-02
   9.59107153e-01   1.82113068e+00   9.57544360e-01
   1.82113068e+00   1.18009096e+00   1.82113068e+00
   9.57544360e-01   1.82113068e+00   5.37199770e-02
   9.26560591e-01   1.75933201e+00   9.25050830e-01
   1.75933201e+00   1.14004548e+00   1.75933201e+00
   9.25050830e-01   1.75933201e+00   5.18970309e-02
   8.98365760e-01   1.70579631e+00   8.96901941e-01
   1.70579631e+00   1.10535440e+00   1.70579631e+00
   8.96901941e-01   1.70579631e+00   5.03178272e-02
   8.75229622e-01   1.66186594e+00   8.73803501e-01
   1.66186594e+00   1.07688756e+00   1.66186594e+00
   8.73803501e-01   1.66186594e+00   4.90219628e-02
   8.57724209e-01   1.62862707e+00   8.56326612e-01
   1.62862707e+00   1.05534880e+00   1.62862707e+00
   8.56326612e-01   1.62862707e+00   4.80414776e-02
   8.46229185e-01   1.60680058e+00   8.44850318e-01
   1.60680058e+00   1.04120525e+00   1.60680058e+00
   8.44850318e-01   1.60680058e+00   4.73976366e-02
   8.40904646e-01   1.59669047e+00   8.39534456e-01
   1.59669047e+00   1.03465391e+00   1.59669047e+00
   8.39534456e-01   1.59669047e+00   4.70994071e-02
   8.41707247e-01   1.59821443e+00   8.40335748e-01
   1.59821443e+00   1.03564144e+00   1.59821443e+00
   8.40335748e-01   1.59821443e+00   4.71443611e-02
   8.48446374e-01   1.61101052e+00   8.47063894e-01
   1.61101052e+00   1.04393330e+00   1.61101052e+00
   8.47063894e-01   1.61101052e+00   4.75218223e-02
   8.60861667e-01   1.63458440e+00   8.59458958e-01
   1.63458440e+00   1.05920914e+00   1.63458440e+00
   8.59458958e-01   1.63458440e+00   4.82172078e-02
   8.78693775e-01   1.66844360e+00   8.77262010e-01
   1.66844360e+00   1.08114987e+00   1.66844360e+00
   8.77262010e-01   1.66844360e+00   4.92159914e-02
   9.01720306e-01   1.71216585e+00   9.00251021e-01
   1.71216585e+00   1.10948185e+00   1.71216585e+00
   9.00251021e-01   1.71216585e+00   5.05057166e-02
   9.29738669e-01   1.76536647e+00   9.28223730e-01
   1.76536647e+00   1.14395580e+00   1.76536647e+00
   9.28223730e-01   1.76536647e+00   5.20750364e-02
   9.62494087e-01   1.82756171e+00   9.60925776e-01
   1.82756171e+00   1.18425826e+00   1.82756171e+00
   9.60925776e-01   1.82756171e+00   5.39096805e-02
   9.99569628e-01   1.89795990e+00   9.97940905e-01
   1.89795990e+00   1.22987622e+00   1.89795990e+00
   9.97940905e-01   1.89795990e+00   5.59862965e-02
   1.04026981e+00   1.97524047e+00   1.03857477e+00
   1.97524047e+00   1.27995396e+00   1.97524047e+00
   1.03857477e+00   1.97524047e+00   5.82659301e-02
   1.08353575e+00   2.05739285e+00   1.08177021e+00
   2.05739285e+00   1.33318862e+00   2.05739285e+00
   1.08177021e+00   2.05739285e+00   6.06892729e-02
   1.12792537e+00   2.14167884e+00   1.12608750e+00
   2.14167884e+00   1.38780586e+00   2.14167884e+00
   1.12608750e+00   2.14167884e+00   6.31755531e-02
   1.17167784e+00   2.22475502e+00   1.16976868e+00
   2.22475502e+00   1.44163915e+00   2.22475502e+00
   1.16976868e+00   2.22475502e+00   6.56261464e-02
   1.21286077e+00   2.30295223e+00   1.21088451e+00
   2.30295223e+00   1.49231087e+00   2.30295223e+00
   1.21088451e+00   2.30295223e+00   6.79328191e-02
   1.24957708e+00   2.37266831e+00   1.24754098e+00
   2.37266831e+00   1.53748682e+00   2.37266831e+00
   1.24754098e+00   2.37266831e+00   6.99893140e-02
   1.28019186e+00   2.43079895e+00   1.27810588e+00
   2.43079895e+00   1.57515542e+00   2.43079895e+00
   1.27810588e+00   2.43079895e+00   7.17040602e-02
   1.30353283e+00   2.47511826e+00   1.30140883e+00
   2.47511826e+00   1.60387429e+00   2.47511826e+00
   1.30140883e+00   2.47511826e+00   7.30113978e-02
   1.31902212e+00   2.50452896e+00   1.31687287e+00
   2.50452896e+00   1.62293240e+00   2.50452896e+00
   1.31687287e+00   2.50452896e+00   7.38789589e-02
   1.32671215e+00   2.51913062e+00   1.32455037e+00
   2.51913062e+00   1.63239426e+00   2.51913062e+00
   1.32455037e+00   2.51913062e+00   7.43096806e-02
   1.32722010e+00   2.52009509e+00   1.32505749e+00
   2.52009509e+00   1.63301924e+00   2.52009509e+00
   1.32505749e+00   2.52009509e+00   7.43381308e-02
   1.32157782e+00   2.50938167e+00   1.31942441e+00
   2.50938167e+00   1.62607695e+00   2.50938167e+00
   1.31942441e+00   2.50938167e+00   7.40221046e-02
   1.31103282e+00   2.48935907e+00   1.30889659e+00
   2.48935907e+00   1.61310232e+00   2.48935907e+00
   1.30889659e+00   2.48935907e+00   7.34314751e-02
   1.29684502e+00   2.46241959e+00   1.29473191e+00
   2.46241959e+00   1.59564557e+00   2.46241959e+00
   1.29473191e+00   2.46241959e+00   7.26368106e-02
   1.28012258e+00   2.43066741e+00   1.27803672e+00
   2.43066741e+00   1.57507018e+00   2.43066741e+00
   1.27803672e+00   2.43066741e+00   7.17001800e-02
   1.26172811e+00   2.39574042e+00   1.25967222e+00
   2.39574042e+00   1.55243752e+00   2.39574042e+00
   1.25967222e+00   2.39574042e+00   7.06698985e-02
   1.24226752e+00   2.35878909e+00   1.24024334e+00
   2.35878909e+00   1.52849310e+00   2.35878909e+00
   1.24024334e+00   2.35878909e+00   6.95799029e-02
   1.22215288e+00   2.32059588e+00   1.22016148e+00
   2.32059588e+00   1.50374394e+00   2.32059588e+00
   1.22016148e+00   2.32059588e+00   6.84532740e-02
   1.20171323e+00   2.28178553e+00   1.19975513e+00
   2.28178553e+00   1.47859487e+00   2.28178553e+00
   1.19975513e+00   2.28178553e+00   6.73084409e-02
   1.18131704e+00   2.24305772e+00   1.17939218e+00
   2.24305772e+00   1.45349928e+00   2.24305772e+00
   1.17939218e+00   2.24305772e+00   6.61660422e-02
   1.16147005e+00   2.20537271e+00   1.15957752e+00
   2.20537271e+00   1.42907943e+00   2.20537271e+00
   1.15957752e+00   2.20537271e+00   6.50544042e-02
   1.14286068e+00   2.17003766e+00   1.14099848e+00
   2.17003766e+00   1.40618235e+00   2.17003766e+00
   1.14099848e+00   2.17003766e+00   6.40120859e-02
   1.12634063e+00   2.13866977e+00   1.12450535e+00
   2.13866977e+00   1.38585599e+00   2.13866977e+00
   1.12450535e+00   2.13866977e+00   6.30867914e-02
   1.11284525e+00   2.11304504e+00   1.11103195e+00
   2.11304504e+00   1.36925119e+00   2.11304504e+00
   1.11103195e+00   2.11304504e+00   6.23309093e-02
   1.10327311e+00   2.09486970e+00   1.10147541e+00
   2.09486970e+00   1.35747358e+00   2.09486970e+00
   1.10147541e+00   2.09486970e+00   6.17947704e-02
   1.09835330e+00   2.08552807e+00   1.09656362e+00
   2.08552807e+00   1.35142022e+00   2.08552807e+00
   1.09656362e+00   2.08552807e+00   6.15192098e-02
   1.09852985e+00   2.08586330e+00   1.09673988e+00
   2.08586330e+00   1.35163745e+00   2.08586330e+00
   1.09673988e+00   2.08586330e+00   6.15290985e-02
   1.10388732e+00   2.09603595e+00   1.10208862e+00
   2.09603595e+00   1.35822931e+00   2.09603595e+00
   1.10208862e+00   2.09603595e+00   6.18291725e-02
   1.11413011e+00   2.11548470e+00   1.11231471e+00
   2.11548470e+00   1.37083209e+00   2.11548470e+00
   1.11231471e+00   2.11548470e+00   6.24028748e-02
   1.12861538e+00   2.14298902e+00   1.12677639e+00
   2.14298902e+00   1.38865486e+00   2.14298902e+00
   1.12677639e+00   2.14298902e+00   6.32142011e-02
   1.14642816e+00   2.17681151e+00   1.14456014e+00
   2.17681151e+00   1.41057180e+00   2.17681151e+00
   1.14456014e+00   2.17681151e+00   6.42119018e-02
   1.16647944e+00   2.21488441e+00   1.16457874e+00
   2.21488441e+00   1.43524300e+00   2.21488441e+00
   1.16457874e+00   2.21488441e+00   6.53349818e-02
   1.18760679e+00   2.25500054e+00   1.18567167e+00
   2.25500054e+00   1.46123822e+00   2.25500054e+00
   1.18567167e+00   2.25500054e+00   6.65183332e-02
   1.20865981e+00   2.29497554e+00   1.20669039e+00
   2.29497554e+00   1.48714198e+00   2.29497554e+00
   1.20669039e+00   2.29497554e+00   6.76975216e-02
   1.22856003e+00   2.33276162e+00   1.22655818e+00
   2.33276162e+00   1.51162732e+00   2.33276162e+00
   1.22655818e+00   2.33276162e+00   6.88121407e-02
   1.24633327e+00   2.36650905e+00   1.24430247e+00
   2.36650905e+00   1.53349562e+00   2.36650905e+00
   1.24430247e+00   2.36650905e+00   6.98076273e-02
   1.26112009e+00   2.39458592e+00   1.25906519e+00
   2.39458592e+00   1.55168941e+00   2.39458592e+00
   1.25906519e+00   2.39458592e+00   7.06358430e-02
   1.27217435e+00   2.41557550e+00   1.27010144e+00
   2.41557550e+00   1.56529064e+00   2.41557550e+00
   1.27010144e+00   2.41557550e+00   7.12549966e-02
   1.27886113e+00   2.42827219e+00   1.27677732e+00
   2.42827219e+00   1.57351808e+00   2.42827219e+00
   1.27677732e+00   2.42827219e+00   7.16295255e-02
   1.28066238e+00   2.43169238e+00   1.27857564e+00
   2.43169238e+00   1.57573436e+00   2.43169238e+00
   1.27857564e+00   2.43169238e+00   7.17304147e-02
   1.27719409e+00   2.42510686e+00   1.27511300e+00
   2.42510686e+00   1.57146695e+00   2.42510686e+00
   1.27511300e+00   2.42510686e+00   7.15361542e-02
   1.26823274e+00   2.40809125e+00   1.26616625e+00
   2.40809125e+00   1.56044085e+00   2.40809125e+00
   1.26616625e+00   2.40809125e+00   7.10342252e-02
   1.25374490e+00   2.38058207e+00   1.25170201e+00
   2.38058207e+00   1.54261493e+00   2.38058207e+00
   1.25170201e+00   2.38058207e+00   7.02227553e-02
   1.23391114e+00   2.34292219e+00   1.23190058e+00
   2.34292219e+00   1.51821136e+00   2.34292219e+00
   1.23190058e+00   2.34292219e+00   6.91118587e-02
   1.20913639e+00   2.29588046e+00   1.20716619e+00
   2.29588046e+00   1.48772837e+00   2.29588046e+00
   1.20716619e+00   2.29588046e+00   6.77242149e-02
   1.18004163e+00   2.24063599e+00   1.17811884e+00
   2.24063599e+00   1.45193000e+00   2.24063599e+00
   1.17811884e+00   2.24063599e+00   6.60946056e-02
   1.14743649e+00   2.17872610e+00   1.14556682e+00
   2.17872610e+00   1.41181245e+00   2.17872610e+00
   1.14556682e+00   2.17872610e+00   6.42683786e-02
   1.11227656e+00   2.11196524e+00   1.11046419e+00
   2.11196524e+00   1.36855148e+00   2.11196524e+00
   1.11046419e+00   2.11196524e+00   6.22990571e-02
   1.07561256e+00   2.04234847e+00   1.07385993e+00
   2.04234847e+00   1.32343988e+00   2.04234847e+00
   1.07385993e+00   2.04234847e+00   6.02454917e-02
   1.03853953e+00   1.97195505e+00   1.03684731e+00
   1.97195505e+00   1.27782501e+00   1.97195505e+00
   1.03684731e+00   1.97195505e+00   5.81690163e-02
   1.00215323e+00   1.90286557e+00   1.00052029e+00
   1.90286557e+00   1.23305509e+00   1.90286557e+00
   1.00052029e+00   1.90286557e+00   5.61310048e-02
   9.67517767e-01   1.83710056e+00   9.65941269e-01
   1.83710056e+00   1.19043942e+00   1.83710056e+00
   9.65941269e-01   1.83710056e+00   5.41910588e-02
   9.35644902e-01   1.77658109e+00   9.34120339e-01
   1.77658109e+00   1.15122287e+00   1.77658109e+00
   9.34120339e-01   1.77658109e+00   5.24058469e-02
   9.07481770e-01   1.72310558e+00   9.06003096e-01
   1.72310558e+00   1.11657079e+00   1.72310558e+00
   9.06003096e-01   1.72310558e+00   5.08284185e-02
   8.83901805e-01   1.67833248e+00   8.82461553e-01
   1.67833248e+00   1.08755786e+00   1.67833248e+00
   8.82461553e-01   1.67833248e+00   4.95076952e-02
   8.65693135e-01   1.64375828e+00   8.64282553e-01
   1.64375828e+00   1.06515381e+00   1.64375828e+00
   8.64282553e-01   1.64375828e+00   4.84878203e-02
   8.53540295e-01   1.62068275e+00   8.52149515e-01
   1.62068275e+00   1.05020089e+00   1.62068275e+00
   8.52149515e-01   1.62068275e+00   4.78071348e-02
   8.47997906e-01   1.61015898e+00   8.46616157e-01
   1.61015898e+00   1.04338150e+00   1.61015898e+00
   8.46616157e-01   1.61015898e+00   4.74967034e-02
   8.49458220e-01   1.61293180e+00   8.48074092e-01
   1.61293180e+00   1.04517828e+00   1.61293180e+00
   8.48074092e-01   1.61293180e+00   4.75784962e-02
   8.58117227e-01   1.62937332e+00   8.56718990e-01
   1.62937332e+00   1.05583237e+00   1.62937332e+00
   8.56718990e-01   1.62937332e+00   4.80634907e-02
   8.73945560e-01   1.65942779e+00   8.72521531e-01
   1.65942779e+00   1.07530764e+00   1.65942779e+00
   8.72521531e-01   1.65942779e+00   4.89500419e-02
   8.96670384e-01   1.70257717e+00   8.95209327e-01
   1.70257717e+00   1.10326840e+00   1.70257717e+00
   8.95209327e-01   1.70257717e+00   5.02228684e-02
   9.25772857e-01   1.75783628e+00   9.24264379e-01
   1.75783628e+00   1.13907625e+00   1.75783628e+00
   9.24264379e-01   1.75783628e+00   5.18529096e-02
   9.60503076e-01   1.82378122e+00   9.58938008e-01
   1.82378122e+00   1.18180851e+00   1.82378122e+00
   9.58938008e-01   1.82378122e+00   5.37981632e-02
   9.99911373e-01   1.89860879e+00   9.98282093e-01
   1.89860879e+00   1.23029670e+00   1.89860879e+00
   9.98282093e-01   1.89860879e+00   5.60054378e-02
   1.04289216e+00   1.98021972e+00   1.04119284e+00
   1.98021972e+00   1.28318050e+00   1.98021972e+00
   1.04119284e+00   1.98021972e+00   5.84128086e-02
   1.08823477e+00   2.06631524e+00   1.08646158e+00
   2.06631524e+00   1.33897032e+00   2.06631524e+00
   1.08646158e+00   2.06631524e+00   6.09524669e-02
   1.13467551e+00   2.15449586e+00   1.13282665e+00
   2.15449586e+00   1.39611128e+00   2.15449586e+00
   1.13282665e+00   2.15449586e+00   6.35536314e-02
   1.18094565e+00   2.24235253e+00   1.17902139e+00
   2.24235253e+00   1.45304232e+00   2.24235253e+00
   1.17902139e+00   2.24235253e+00   6.61452404e-02
   1.22581226e+00   2.32754422e+00   1.22381489e+00
   2.32754422e+00   1.50824645e+00   2.32754422e+00
   1.22381489e+00   2.32754422e+00   6.86582371e-02
