   0.00000000e+00  -7.94411963e-04  -2.49588121e-03
  -7.94411963e-04   0.00000000e+00  -1.65747681e-03
  -2.49588121e-03  -1.65747681e-03   0.00000000e+00
   0.00000000e+00  -2.11843190e-03  -6.65568322e-03
  -2.11843190e-03   0.00000000e+00  -4.41993816e-03
  -6.65568322e-03  -4.41993816e-03   0.00000000e+00
   0.00000000e+00  -3.93252257e-03  -1.23551880e-02
  -3.93252257e-03   0.00000000e+00  -8.20489276e-03
  -1.23551880e-02  -8.20489276e-03   0.00000000e+00
   0.00000000e+00  -6.19714671e-03  -1.94701776e-02
  -6.19714671e-03   0.00000000e+00  -1.29298493e-02
  -1.94701776e-02  -1.29298493e-02   0.00000000e+00
   0.00000000e+00  -8.79265245e-03  -2.76247300e-02
  -8.79265245e-03   0.00000000e+00  -1.83451637e-02
  -2.76247300e-02  -1.83451637e-02   0.00000000e+00
   0.00000000e+00  -1.14333451e-02  -3.59212507e-02
  -1.14333451e-02   0.00000000e+00  -2.38547571e-02
  -3.59212507e-02  -2.38547571e-02   0.00000000e+00
   0.00000000e+00  -1.35961175e-02  -4.27162427e-02
  -1.35961175e-02   0.00000000e+00  -2.83672082e-02
  -4.27162427e-02  -2.83672082e-02   0.00000000e+00
   0.00000000e+00  -1.45007368e-02  -4.55583728e-02
  -1.45007368e-02   0.00000000e+00  -3.02546236e-02
  -4.55583728e-02  -3.02546236e-02   0.00000000e+00
   0.00000000e+00  -1.31873242e-02  -4.14318969e-02
  -1.31873242e-02   0.00000000e+00  -2.75142936e-02
  -4.14318969e-02  -2.75142936e-02   0.00000000e+00
   0.00000000e+00  -8.72886074e-03  -2.74243094e-02
  -8.72886074e-03   0.00000000e+00  -1.82120675e-02
  -2.74243094e-02  -1.82120675e-02   0.00000000e+00
   0.00000000e+00  -5.90266735e-04  -1.85449832e-03
  -5.90266735e-04   0.00000000e+00  -1.23154418e-03
  -1.85449832e-03  -1.23154418e-03   0.00000000e+00
   0.00000000e+00   1.08942552e-02   3.42275396e-02
   1.08942552e-02   0.00000000e+00   2.27299893e-02
   3.42275396e-02   2.27299893e-02   0.00000000e+00
   0.00000000e+00   2.39955852e-02   7.53892602e-02
   2.39955852e-02   0.00000000e+00   5.00648630e-02
   7.53892602e-02   5.00648630e-02   0.00000000e+00
   0.00000000e+00   3.51142325e-02   1.10321794e-01
   3.51142325e-02   0.00000000e+00   7.32630283e-02
   1.10321794e-01   7.32630283e-02   0.00000000e+00
   0.00000000e+00   3.84561449e-02   1.20821405e-01
   3.84561449e-02   0.00000000e+00   8.02356603e-02
   1.20821405e-01   8.02356603e-02   0.00000000e+00
   0.00000000e+00   2.59325338e-02   8.14747598e-02
   2.59325338e-02   0.00000000e+00   5.41061508e-02
   8.14747598e-02   5.41061508e-02   0.00000000e+00
   0.00000000e+00  -1.26968212e-02  -3.98908362e-02
  -1.26968212e-02   0.00000000e+00  -2.64908986e-02
  -3.98908362e-02  -2.64908986e-02   0.00000000e+00
   0.00000000e+00  -8.94791270e-02  -2.81125262e-01
  -8.94791270e-02   0.00000000e+00  -1.86691018e-01
  -2.81125262e-01  -1.86691018e-01   0.00000000e+00
   0.00000000e+00  -2.17813477e-01  -6.84325752e-01
  -2.17813477e-01   0.00000000e+00  -4.54450341e-01
  -6.84325752e-01  -4.54450341e-01   0.00000000e+00
   0.00000000e+00  -4.11990109e-01  -1.29438933e+00
  -4.11990109e-01   0.00000000e+00  -8.59584300e-01
  -1.29438933e+00  -8.59584300e-01   0.00000000e+00
   0.00000000e+00  -6.86800352e-01  -2.15778736e+00
  -6.86800352e-01   0.00000000e+00  -1.43295382e+00
  -2.15778736e+00  -1.43295382e+00   0.00000000e+00
   0.00000000e+00  -1.05722802e+00  -3.32159593e+00
  -1.05722802e+00   0.00000000e+00  -2.20582142e+00
  -3.32159593e+00  -2.20582142e+00   0.00000000e+00
   0.00000000e+00  -1.53815251e+00  -4.83256312e+00
  -1.53815251e+00   0.00000000e+00  -3.20923179e+00
  -4.83256312e+00  -3.20923179e+00   0.00000000e+00
   0.00000000e+00  -2.14393025e+00  -6.73579386e+00
  -2.14393025e+00   0.00000000e+00  -4.47313843e+00
  -6.73579386e+00  -4.47313843e+00   0.00000000e+00
   0.00000000e+00  -2.88770432e+00  -9.07258110e+00
  -2.88770432e+00   0.00000000e+00  -6.02496334e+00
  -9.07258110e+00  -6.02496334e+00   0.00000000e+00
   0.00000000e+00  -3.78033959e+00  -1.18770600e+01
  -3.78033959e+00   0.00000000e+00  -7.88737518e+00
  -1.18770600e+01  -7.88737518e+00   0.00000000e+00
   0.00000000e+00  -4.82898642e+00  -1.51716956e+01
  -4.82898642e+00   0.00000000e+00  -1.00752927e+01
  -1.51716956e+01  -1.00752927e+01   0.00000000e+00
   0.00000000e+00  -6.03541234e+00  -1.89620410e+01
  -6.03541234e+00   0.00000000e+00  -1.25924035e+01
  -1.89620410e+01  -1.25924035e+01   0.00000000e+00
   0.00000000e+00  -7.39436063e+00  -2.32315808e+01
  -7.39436063e+00   0.00000000e+00  -1.54277401e+01
  -2.32315808e+01  -1.54277401e+01   0.00000000e+00
   0.00000000e+00  -8.89225149e+00  -2.79376500e+01
  -8.89225149e+00   0.00000000e+00  -1.85529692e+01
  -2.79376500e+01  -1.85529692e+01   0.00000000e+00
   0.00000000e+00  -1.05065009e+01  -3.30092940e+01
  -1.05065009e+01   0.00000000e+00  -2.19209709e+01
  -3.30092940e+01  -2.19209709e+01   0.00000000e+00
   0.00000000e+00  -1.22055925e+01  -3.83474953e+01
  -1.22055925e+01   0.00000000e+00  -2.54659893e+01
  -3.83474953e+01  -2.54659893e+01   0.00000000e+00
   0.00000000e+00  -1.39498345e+01  -4.38275496e+01
  -1.39498345e+01   0.00000000e+00  -2.91052102e+01
  -4.38275496e+01  -2.91052102e+01   0.00000000e+00
   0.00000000e+00  -1.56925263e+01  -4.93027338e+01
  -1.56925263e+01   0.00000000e+00  -3.27411969e+01
  -4.93027338e+01  -3.27411969e+01   0.00000000e+00
   0.00000000e+00  -1.73811362e+01  -5.46080034e+01
  -1.73811362e+01   0.00000000e+00  -3.62643459e+01
  -5.46080034e+01  -3.62643459e+01   0.00000000e+00
   0.00000000e+00  -1.89581002e+01  -5.95625042e+01
  -1.89581002e+01   0.00000000e+00  -3.95545546e+01
  -5.95625042e+01  -3.95545546e+01   0.00000000e+00
   0.00000000e+00  -2.03610339e+01  -6.39702374e+01
  -2.03610339e+01   0.00000000e+00  -4.24816633e+01
  -6.39702374e+01  -4.24816633e+01   0.00000000e+00
   0.00000000e+00  -2.15224582e+01  -6.76191969e+01
  -2.15224582e+01   0.00000000e+00  -4.49048819e+01
  -6.76191969e+01  -4.49048819e+01   0.00000000e+00
   0.00000000e+00  -2.23694920e+01  -7.02804051e+01
  -2.23694920e+01   0.00000000e+00  -4.66721499e+01
  -7.02804051e+01  -4.66721499e+01   0.00000000e+00
   0.00000000e+00  -2.28242419e+01  -7.17091373e+01
  -2.28242419e+01   0.00000000e+00  -4.76209492e+01
  -7.17091373e+01  -4.76209492e+01   0.00000000e+00
   0.00000000e+00  -2.28056897e+01  -7.16508501e+01
  -2.28056897e+01   0.00000000e+00  -4.75822415e+01
  -7.16508501e+01  -4.75822415e+01   0.00000000e+00
   0.00000000e+00  -2.22336717e+01  -6.98536853e+01
  -2.22336717e+01   0.00000000e+00  -4.63887717e+01
  -6.98536853e+01  -4.63887717e+01   0.00000000e+00
   0.00000000e+00  -2.10350664e+01  -6.60879106e+01
  -2.10350664e+01   0.00000000e+00  -4.38879779e+01
  -6.60879106e+01  -4.38879779e+01   0.00000000e+00
   0.00000000e+00  -1.91516477e+01  -6.01705915e+01
  -1.91516477e+01   0.00000000e+00  -3.99583762e+01
  -6.01705915e+01  -3.99583762e+01   0.00000000e+00
   0.00000000e+00  -1.65484035e+01  -5.19917262e+01
  -1.65484035e+01   0.00000000e+00  -3.45269159e+01
  -5.19917262e+01  -3.45269159e+01   0.00000000e+00
   0.00000000e+00  -1.32206725e+01  -4.15366706e+01
  -1.32206725e+01   0.00000000e+00  -2.75838722e+01
  -4.15366706e+01  -2.75838722e+01   0.00000000e+00
   0.00000000e+00  -9.19840319e+00  -2.88995165e+01
  -9.19840319e+00   0.00000000e+00  -1.91917301e+01
  -2.88995165e+01  -1.91917301e+01   0.00000000e+00
   0.00000000e+00  -4.54626318e+00  -1.42834365e+01
  -4.54626318e+00   0.00000000e+00  -9.48541331e+00
  -1.42834365e+01  -9.48541331e+00   0.00000000e+00
   0.00000000e+00   6.40805687e-01   2.01328146e+00
   6.40805687e-01   0.00000000e+00   1.33698964e+00
   2.01328146e+00   1.33698964e+00   0.00000000e+00
   0.00000000e+00   6.24589537e+00   1.96233360e+01
   6.24589537e+00   0.00000000e+00   1.30315595e+01
   1.96233360e+01   1.30315595e+01   0.00000000e+00
   0.00000000e+00   1.21405830e+01   3.81432485e+01
   1.21405830e+01   0.00000000e+00   2.53303522e+01
   3.81432485e+01   2.53303522e+01   0.00000000e+00
   0.00000000e+00   1.81951752e+01   5.71655490e+01
   1.81951752e+01   0.00000000e+00   3.79627730e+01
   5.71655490e+01   3.79627730e+01   0.00000000e+00
   0.00000000e+00   2.42864115e+01   7.63029775e+01
   2.42864115e+01   0.00000000e+00   5.06716487e+01
   7.63029775e+01   5.06716487e+01   0.00000000e+00
   0.00000000e+00   3.03010270e+01   9.51996788e+01
   3.03010270e+01   0.00000000e+00   6.32206612e+01
   9.51996788e+01   6.32206612e+01   0.00000000e+00
   0.00000000e+00   3.61348797e+01   1.13528461e+02
   3.61348797e+01   0.00000000e+00   7.53925268e+01
   1.13528461e+02   7.53925268e+01   0.00000000e+00
   0.00000000e+00   4.16888610e+01   1.30977943e+02
   4.16888610e+01   0.00000000e+00   8.69804632e+01
   1.30977943e+02   8.69804632e+01   0.00000000e+00
   0.00000000e+00   4.68640595e+01   1.47237367e+02
   4.68640595e+01   0.00000000e+00   9.77780995e+01
   1.47237367e+02   9.77780995e+01   0.00000000e+00
   0.00000000e+00   5.15591983e+01   1.61988540e+02
   5.15591983e+01   0.00000000e+00   1.07574130e+02
   1.61988540e+02   1.07574130e+02   0.00000000e+00
   0.00000000e+00   5.56729298e+01   1.74913050e+02
   5.56729298e+01   0.00000000e+00   1.16157100e+02
   1.74913050e+02   1.16157100e+02   0.00000000e+00
   0.00000000e+00   5.91121784e+01   1.85718471e+02
   5.91121784e+01   0.00000000e+00   1.23332817e+02
   1.85718471e+02   1.23332817e+02   0.00000000e+00
   0.00000000e+00   6.18056877e+01   1.94180931e+02
   6.18056877e+01   0.00000000e+00   1.28952608e+02
   1.94180931e+02   1.28952608e+02   0.00000000e+00
   0.00000000e+00   6.37198528e+01   2.00194849e+02
   6.37198528e+01   0.00000000e+00   1.32946360e+02
   2.00194849e+02   1.32946360e+02   0.00000000e+00
   0.00000000e+00   6.48724594e+01   2.03816105e+02
   6.48724594e+01   0.00000000e+00   1.35351181e+02
   2.03816105e+02   1.35351181e+02   0.00000000e+00
   0.00000000e+00   6.53397005e+01   2.05284082e+02
   6.53397005e+01   0.00000000e+00   1.36326042e+02
   2.05284082e+02   1.36326042e+02   0.00000000e+00
   0.00000000e+00   6.52530458e+01   2.05011831e+02
   6.52530458e+01   0.00000000e+00   1.36145244e+02
   2.05011831e+02   1.36145244e+02   0.00000000e+00
   0.00000000e+00   6.47850525e+01   2.03541491e+02
   6.47850525e+01   0.00000000e+00   1.35168813e+02
   2.03541491e+02   1.35168813e+02   0.00000000e+00
   0.00000000e+00   6.41264212e+01   2.01472205e+02
   6.41264212e+01   0.00000000e+00   1.33794632e+02
   2.01472205e+02   1.33794632e+02   0.00000000e+00
   0.00000000e+00   6.34596027e+01   1.99377196e+02
   6.34596027e+01   0.00000000e+00   1.32403369e+02
   1.99377196e+02   1.32403369e+02   0.00000000e+00
   0.00000000e+00   6.29360831e+01   1.97732404e+02
   6.29360831e+01   0.00000000e+00   1.31311087e+02
   1.97732404e+02   1.31311087e+02   0.00000000e+00
   0.00000000e+00   6.26643418e+01   1.96878648e+02
   6.26643418e+01   0.00000000e+00   1.30744121e+02
   1.96878648e+02   1.30744121e+02   0.00000000e+00
   0.00000000e+00   6.27131517e+01   1.97031999e+02
   6.27131517e+01   0.00000000e+00   1.30845958e+02
   1.97031999e+02   1.30845958e+02   0.00000000e+00
   0.00000000e+00   6.31307371e+01   1.98343967e+02
   6.31307371e+01   0.00000000e+00   1.31717217e+02
   1.98343967e+02   1.31717217e+02   0.00000000e+00
   0.00000000e+00   6.39753345e+01   2.00997521e+02
   6.39753345e+01   0.00000000e+00   1.33479402e+02
   2.00997521e+02   1.33479402e+02   0.00000000e+00
   0.00000000e+00   6.53482958e+01   2.05311087e+02
   6.53482958e+01   0.00000000e+00   1.36343975e+02
   2.05311087e+02   1.36343975e+02   0.00000000e+00
   0.00000000e+00   6.74184728e+01   2.11815163e+02
   6.74184728e+01   0.00000000e+00   1.40663233e+02
   2.11815163e+02   1.40663233e+02   0.00000000e+00
   0.00000000e+00   7.04272397e+01   2.21268098e+02
   7.04272397e+01   0.00000000e+00   1.46940784e+02
   2.21268098e+02   1.46940784e+02   0.00000000e+00
   0.00000000e+00   7.46674325e+01   2.34589923e+02
   7.46674325e+01   0.00000000e+00   1.55787606e+02
   2.34589923e+02   1.55787606e+02   0.00000000e+00
   0.00000000e+00   8.04360130e+01   2.52713633e+02
   8.04360130e+01   0.00000000e+00   1.67823286e+02
   2.52713633e+02   1.67823286e+02   0.00000000e+00
   0.00000000e+00   8.79678702e+01   2.76377200e+02
   8.79678702e+01   0.00000000e+00   1.83537902e+02
   2.76377200e+02   1.83537902e+02   0.00000000e+00
   0.00000000e+00   9.73647796e+01   3.05900383e+02
   9.73647796e+01   0.00000000e+00   2.03143799e+02
   3.05900383e+02   2.03143799e+02   0.00000000e+00
   0.00000000e+00   1.08537126e+02   3.41001630e+02
   1.08537126e+02   0.00000000e+00   2.26454005e+02
   3.41001630e+02   2.26454005e+02   0.00000000e+00
   0.00000000e+00   1.21175149e+02   3.80707732e+02
   1.21175149e+02   0.00000000e+00   2.52822224e+02
   3.80707732e+02   2.52822224e+02   0.00000000e+00
   0.00000000e+00   1.34760862e+02   4.23391286e+02
   1.34760862e+02   0.00000000e+00   2.81167724e+02
   4.23391286e+02   2.81167724e+02   0.00000000e+00
   0.00000000e+00   1.48622527e+02   4.66941824e+02
   1.48622527e+02   0.00000000e+00   3.10088975e+02
   4.66941824e+02   3.10088975e+02   0.00000000e+00
   0.00000000e+00   1.62022731e+02   5.09042546e+02
   1.62022731e+02   0.00000000e+00   3.38047425e+02
   5.09042546e+02   3.38047425e+02   0.00000000e+00
   0.00000000e+00   1.74261782e+02   5.47495163e+02
   1.74261782e+02   0.00000000e+00   3.63583224e+02
   5.47495163e+02   3.63583224e+02   0.00000000e+00
   0.00000000e+00   1.84772960e+02   5.80519152e+02
   1.84772960e+02   0.00000000e+00   3.85513954e+02
   5.80519152e+02   3.85513954e+02   0.00000000e+00
   0.00000000e+00   1.93186992e+02   6.06954332e+02
   1.93186992e+02   0.00000000e+00   4.03069155e+02
   6.06954332e+02   4.03069155e+02   0.00000000e+00
   0.00000000e+00   1.99350157e+02   6.26317748e+02
   1.99350157e+02   0.00000000e+00   4.15928106e+02
   6.26317748e+02   4.15928106e+02   0.00000000e+00
   0.00000000e+00   2.03292047e+02   6.38702365e+02
   2.03292047e+02   0.00000000e+00   4.24152542e+02
   6.38702365e+02   4.24152542e+02   0.00000000e+00
   0.00000000e+00   2.05152168e+02   6.44546487e+02
   2.05152168e+02   0.00000000e+00   4.28033535e+02
   6.44546487e+02   4.28033535e+02   0.00000000e+00
   0.00000000e+00   2.05085772e+02   6.44337886e+02
   2.05085772e+02   0.00000000e+00   4.27895006e+02
   6.44337886e+02   4.27895006e+02   0.00000000e+00
   0.00000000e+00   2.03175147e+02   6.38335089e+02
   2.03175147e+02   0.00000000e+00   4.23908640e+02
   6.38335089e+02   4.23908640e+02   0.00000000e+00
   0.00000000e+00   1.99371332e+02   6.26384273e+02
   1.99371332e+02   0.00000000e+00   4.15972285e+02
   6.26384273e+02   4.15972285e+02   0.00000000e+00
   0.00000000e+00   1.93482913e+02   6.07884057e+02
   1.93482913e+02   0.00000000e+00   4.03686572e+02
   6.07884057e+02   4.03686572e+02   0.00000000e+00
   0.00000000e+00   1.85215296e+02   5.81908880e+02
   1.85215296e+02   0.00000000e+00   3.86436851e+02
   5.81908880e+02   3.86436851e+02   0.00000000e+00
   0.00000000e+00   1.74249382e+02   5.47456205e+02
   1.74249382e+02   0.00000000e+00   3.63557353e+02
   5.47456205e+02   3.63557353e+02   0.00000000e+00
   0.00000000e+00   1.60337108e+02   5.03746663e+02
   1.60337108e+02   0.00000000e+00   3.34530510e+02
   5.03746663e+02   3.34530510e+02   0.00000000e+00
   0.00000000e+00   1.43386236e+02   4.50490463e+02
   1.43386236e+02   0.00000000e+00   2.99163876e+02
   4.50490463e+02   2.99163876e+02   0.00000000e+00
   0.00000000e+00   1.23509991e+02   3.88043331e+02
   1.23509991e+02   0.00000000e+00   2.57693684e+02
   3.88043331e+02   2.57693684e+02   0.00000000e+00
   0.00000000e+00   1.01027791e+02   3.17408821e+02
   1.01027791e+02   0.00000000e+00   2.10786378e+02
   3.17408821e+02   2.10786378e+02   0.00000000e+00
   0.00000000e+00   7.64186125e+01   2.40091776e+02
   7.64186125e+01   0.00000000e+00   1.59441303e+02
   2.40091776e+02   1.59441303e+02   0.00000000e+00
   0.00000000e+00   5.02437719e+01   1.57855737e+02
   5.02437719e+01   0.00000000e+00   1.04829598e+02
   1.57855737e+02   1.04829598e+02   0.00000000e+00
   0.00000000e+00   2.30663767e+01   7.24698757e+01
   2.30663767e+01   0.00000000e+00   4.81261441e+01
   7.24698757e+01   4.81261441e+01   0.00000000e+00
   0.00000000e+00  -4.60341811e+00  -1.44630057e+01
  -4.60341811e+00   0.00000000e+00  -9.60466247e+00
  -1.44630057e+01  -9.60466247e+00   0.00000000e+00
   0.00000000e+00  -3.23161670e+01  -1.01530840e+02
  -3.23161670e+01   0.00000000e+00  -6.74250892e+01
  -1.01530840e+02  -6.74250892e+01   0.00000000e+00
   0.00000000e+00  -5.96387937e+01  -1.87372990e+02
  -5.96387937e+01   0.00000000e+00  -1.24431557e+02
  -1.87372990e+02  -1.24431557e+02   0.00000000e+00
   0.00000000e+00  -8.60727613e+01  -2.70423153e+02
  -8.60727613e+01   0.00000000e+00  -1.79583909e+02
  -2.70423153e+02  -1.79583909e+02   0.00000000e+00
  -0.00000000e+00  -1.10966571e+02  -3.48634453e+02
  -1.10966571e+02  -0.00000000e+00  -2.31522847e+02
  -3.48634453e+02  -2.31522847e+02  -0.00000000e+00
  -0.00000000e+00  -1.33463119e+02  -4.19314043e+02
  -1.33463119e+02  -0.00000000e+00  -2.78460089e+02
  -4.19314043e+02  -2.78460089e+02  -0.00000000e+00
  -0.00000000e+00  -1.52518617e+02  -4.79182549e+02
  -1.52518617e+02  -0.00000000e+00  -3.18217855e+02
  -4.79182549e+02  -3.18217855e+02  -0.00000000e+00
  -0.00000000e+00  -1.67012913e+02  -5.24720686e+02
  -1.67012913e+02  -0.00000000e+00  -3.48459040e+02
  -5.24720686e+02  -3.48459040e+02  -0.00000000e+00
  -0.00000000e+00  -1.75944584e+02  -5.52782187e+02
  -1.75944584e+02  -0.00000000e+00  -3.67094256e+02
  -5.52782187e+02  -3.67094256e+02  -0.00000000e+00
   0.00000000e+00  -1.78674940e+02  -5.61360411e+02
  -1.78674940e+02   0.00000000e+00  -3.72790925e+02
  -5.61360411e+02  -3.72790925e+02   0.00000000e+00
   0.00000000e+00  -1.75161680e+02  -5.50322461e+02
  -1.75161680e+02   0.00000000e+00  -3.65460790e+02
  -5.50322461e+02  -3.65460790e+02   0.00000000e+00
   0.00000000e+00  -1.66113270e+02  -5.21894191e+02
  -1.66113270e+02   0.00000000e+00  -3.46582007e+02
  -5.21894191e+02  -3.46582007e+02   0.00000000e+00
   0.00000000e+00  -1.53004089e+02  -4.80707804e+02
  -1.53004089e+02   0.00000000e+00  -3.19230753e+02
  -4.80707804e+02  -3.19230753e+02   0.00000000e+00
   0.00000000e+00  -1.37918237e+02  -4.33311118e+02
  -1.37918237e+02   0.00000000e+00  -2.87755334e+02
  -4.33311118e+02  -2.87755334e+02   0.00000000e+00
   0.00000000e+00  -1.23231155e+02  -3.87167285e+02
  -1.23231155e+02   0.00000000e+00  -2.57111915e+02
  -3.87167285e+02  -2.57111915e+02   0.00000000e+00
   0.00000000e+00  -1.11182935e+02  -3.49314224e+02
  -1.11182935e+02   0.00000000e+00  -2.31974272e+02
  -3.49314224e+02  -2.31974272e+02   0.00000000e+00
   0.00000000e+00  -1.03433049e+02  -3.24965653e+02
  -1.03433049e+02   0.00000000e+00  -2.15804756e+02
  -3.24965653e+02  -2.15804756e+02   0.00000000e+00
   0.00000000e+00  -1.00702205e+02  -3.16385897e+02
  -1.00702205e+02   0.00000000e+00  -2.10107070e+02
  -3.16385897e+02  -2.10107070e+02   0.00000000e+00
   0.00000000e+00  -1.02596902e+02  -3.22338649e+02
  -1.02596902e+02   0.00000000e+00  -2.14060202e+02
  -3.22338649e+02  -2.14060202e+02   0.00000000e+00
   0.00000000e+00  -1.07676236e+02  -3.38296888e+02
  -1.07676236e+02   0.00000000e+00  -2.24657826e+02
  -3.38296888e+02  -2.24657826e+02   0.00000000e+00
   0.00000000e+00  -1.13766201e+02  -3.57430321e+02
  -1.13766201e+02   0.00000000e+00  -2.37364049e+02
  -3.57430321e+02  -2.37364049e+02   0.00000000e+00
   0.00000000e+00  -1.18466453e+02  -3.72197561e+02
  -1.18466453e+02   0.00000000e+00  -2.47170749e+02
  -3.72197561e+02  -2.47170749e+02   0.00000000e+00
   0.00000000e+00  -1.19743437e+02  -3.76209585e+02
  -1.19743437e+02   0.00000000e+00  -2.49835073e+02
  -3.76209585e+02  -2.49835073e+02   0.00000000e+00
   0.00000000e+00  -1.16475322e+02  -3.65941831e+02
  -1.16475322e+02   0.00000000e+00  -2.43016413e+02
  -3.65941831e+02  -2.43016413e+02   0.00000000e+00
   0.00000000e+00  -1.08817260e+02  -3.41881753e+02
  -1.08817260e+02   0.00000000e+00  -2.27038481e+02
  -3.41881753e+02  -2.27038481e+02   0.00000000e+00
   0.00000000e+00  -9.82909542e+01  -3.08810236e+02
  -9.82909542e+01   0.00000000e+00  -2.05076188e+02
  -3.08810236e+02  -2.05076188e+02   0.00000000e+00
   0.00000000e+00  -8.75630095e+01  -2.75105210e+02
  -8.75630095e+01   0.00000000e+00  -1.82693193e+02
  -2.75105210e+02  -1.82693193e+02   0.00000000e+00
   0.00000000e+00  -7.99476018e+01  -2.51179144e+02
  -7.99476018e+01   0.00000000e+00  -1.66804256e+02
  -2.51179144e+02  -1.66804256e+02   0.00000000e+00
   0.00000000e+00  -7.87333951e+01  -2.47364353e+02
  -7.87333951e+01   0.00000000e+00  -1.64270911e+02
  -2.47364353e+02  -1.64270911e+02   0.00000000e+00
   0.00000000e+00  -8.64767999e+01  -2.71692560e+02
  -8.64767999e+01   0.00000000e+00  -1.80426904e+02
  -2.71692560e+02  -1.80426904e+02   0.00000000e+00
   0.00000000e+00  -1.04413725e+02  -3.28046739e+02
  -1.04413725e+02   0.00000000e+00  -2.17850858e+02
  -3.28046739e+02  -2.17850858e+02   0.00000000e+00
   0.00000000e+00  -1.32117643e+02  -4.15086830e+02
  -1.32117643e+02   0.00000000e+00  -2.75652861e+02
  -4.15086830e+02  -2.75652861e+02   0.00000000e+00
   0.00000000e+00  -1.67478680e+02  -5.26184031e+02
  -1.67478680e+02   0.00000000e+00  -3.49430825e+02
  -5.26184031e+02  -3.49430825e+02   0.00000000e+00
   0.00000000e+00  -2.07008700e+02  -6.50379334e+02
  -2.07008700e+02   0.00000000e+00  -4.31907040e+02
  -6.50379334e+02  -4.31907040e+02   0.00000000e+00
   0.00000000e+00  -2.46407291e+02  -7.74161716e+02
  -2.46407291e+02   0.00000000e+00  -5.14109040e+02
  -7.74161716e+02  -5.14109040e+02   0.00000000e+00
   0.00000000e+00  -2.81269491e+02  -8.83691672e+02
  -2.81269491e+02   0.00000000e+00  -5.86846221e+02
  -8.83691672e+02  -5.86846221e+02   0.00000000e+00
   0.00000000e+00  -3.07790506e+02  -9.67015321e+02
  -3.07790506e+02   0.00000000e+00  -6.42180191e+02
  -9.67015321e+02  -6.42180191e+02   0.00000000e+00
   0.00000000e+00  -3.23330433e+02  -1.01583862e+03
  -3.23330433e+02   0.00000000e+00  -6.74603003e+02
  -1.01583862e+03  -6.74603003e+02   0.00000000e+00
   0.00000000e+00  -3.26739317e+02  -1.02654864e+03
  -3.26739317e+02   0.00000000e+00  -6.81715364e+02
  -1.02654864e+03  -6.81715364e+02   0.00000000e+00
   0.00000000e+00  -3.18399086e+02  -1.00034533e+03
  -3.18399086e+02   0.00000000e+00  -6.64314143e+02
  -1.00034533e+03  -6.64314143e+02   0.00000000e+00
   0.00000000e+00  -2.99999452e+02  -9.42537412e+02
  -2.99999452e+02   0.00000000e+00  -6.25924784e+02
  -9.42537412e+02  -6.25924784e+02   0.00000000e+00
   0.00000000e+00  -2.74115701e+02  -8.61215917e+02
  -2.74115701e+02   0.00000000e+00  -5.71920413e+02
  -8.61215917e+02  -5.71920413e+02   0.00000000e+00
   0.00000000e+00  -2.43687331e+02  -7.65616153e+02
  -2.43687331e+02   0.00000000e+00  -5.08434062e+02
  -7.65616153e+02  -5.08434062e+02   0.00000000e+00
   0.00000000e+00  -2.11503175e+02  -6.64500064e+02
  -2.11503175e+02   0.00000000e+00  -4.41284403e+02
  -6.64500064e+02  -4.41284403e+02   0.00000000e+00
   0.00000000e+00  -1.79782825e+02  -5.64841160e+02
  -1.79782825e+02   0.00000000e+00  -3.75102438e+02
  -5.64841160e+02  -3.75102438e+02   0.00000000e+00
   0.00000000e+00  -1.49912804e+02  -4.70995615e+02
  -1.49912804e+02   0.00000000e+00  -3.12781036e+02
  -4.70995615e+02  -3.12781036e+02   0.00000000e+00
   0.00000000e+00  -1.22358693e+02  -3.84426187e+02
  -1.22358693e+02   0.00000000e+00  -2.55291594e+02
  -3.84426187e+02  -2.55291594e+02   0.00000000e+00
   0.00000000e+00  -9.67410153e+01  -3.03940642e+02
  -9.67410153e+01   0.00000000e+00  -2.01842365e+02
  -3.03940642e+02  -2.01842365e+02   0.00000000e+00
   0.00000000e+00  -7.20398699e+01  -2.26334655e+02
  -7.20398699e+01   0.00000000e+00  -1.50305408e+02
  -2.26334655e+02  -1.50305408e+02   0.00000000e+00
   0.00000000e+00  -4.68832319e+01  -1.47297602e+02
  -4.68832319e+01   0.00000000e+00  -9.78181011e+01
  -1.47297602e+02  -9.78181011e+01   0.00000000e+00
   0.00000000e+00  -1.98743639e+01  -6.24412190e+01
  -1.98743639e+01   0.00000000e+00  -4.14662654e+01
  -6.24412190e+01  -4.14662654e+01   0.00000000e+00
   0.00000000e+00   1.00803121e+01   3.16702953e+01
   1.00803121e+01   0.00000000e+00   2.10317622e+01
   3.16702953e+01   2.10317622e+01   0.00000000e+00
   0.00000000e+00   4.34755203e+01   1.36591264e+02
   4.34755203e+01   0.00000000e+00   9.07081843e+01
   1.36591264e+02   9.07081843e+01   0.00000000e+00
   0.00000000e+00   7.99734466e+01   2.51260343e+02
   7.99734466e+01   0.00000000e+00   1.66858179e+02
   2.51260343e+02   1.66858179e+02   0.00000000e+00
   0.00000000e+00   1.18262126e+02   3.71555604e+02
   1.18262126e+02   0.00000000e+00   2.46744435e+02
   3.71555604e+02   2.46744435e+02   0.00000000e+00
   0.00000000e+00   1.56035917e+02   4.90233194e+02
   1.56035917e+02   0.00000000e+00   3.25556420e+02
   4.90233194e+02   3.25556420e+02   0.00000000e+00
   0.00000000e+00   1.90122944e+02   5.97327715e+02
   1.90122944e+02   0.00000000e+00   3.96676266e+02
   5.97327715e+02   3.96676266e+02   0.00000000e+00
   0.00000000e+00   2.16770161e+02   6.81047865e+02
   2.16770161e+02   0.00000000e+00   4.52273546e+02
   6.81047865e+02   4.52273546e+02   0.00000000e+00
   0.00000000e+00   2.32072595e+02   7.29125009e+02
   2.32072595e+02   0.00000000e+00   4.84200847e+02
   7.29125009e+02   4.84200847e+02   0.00000000e+00
   0.00000000e+00   2.32502466e+02   7.30475575e+02
   2.32502466e+02   0.00000000e+00   4.85097738e+02
   7.30475575e+02   4.85097738e+02   0.00000000e+00
   0.00000000e+00   2.15463513e+02   6.76942643e+02
   2.15463513e+02   0.00000000e+00   4.49547330e+02
   6.76942643e+02   4.49547330e+02   0.00000000e+00
   0.00000000e+00   1.79775142e+02   5.64817022e+02
   1.79775142e+02   0.00000000e+00   3.75086408e+02
   5.64817022e+02   3.75086408e+02   0.00000000e+00
   0.00000000e+00   1.25988574e+02   3.95830537e+02
   1.25988574e+02   0.00000000e+00   2.62865049e+02
   3.95830537e+02   2.62865049e+02   0.00000000e+00
   0.00000000e+00   5.64581895e+01   1.77380177e+02
   5.64581895e+01   0.00000000e+00   1.17795482e+02
   1.77380177e+02   1.17795482e+02   0.00000000e+00
   0.00000000e+00  -2.48653371e+01  -7.81218442e+01
  -2.48653371e+01   0.00000000e+00  -5.18795305e+01
  -7.81218442e+01  -5.18795305e+01   0.00000000e+00
   0.00000000e+00  -1.12895791e+02  -3.54695669e+02
  -1.12895791e+02   0.00000000e+00  -2.35548008e+02
  -3.54695669e+02  -2.35548008e+02   0.00000000e+00
   0.00000000e+00  -2.02043533e+02  -6.34779788e+02
  -2.02043533e+02   0.00000000e+00  -4.21547619e+02
  -6.34779788e+02  -4.21547619e+02   0.00000000e+00
   0.00000000e+00  -2.86894088e+02  -9.01363015e+02
  -2.86894088e+02   0.00000000e+00  -5.98581491e+02
  -9.01363015e+02  -5.98581491e+02   0.00000000e+00
   0.00000000e+00  -3.62795275e+02  -1.13982915e+03
  -3.62795275e+02   0.00000000e+00  -7.56943228e+02
  -1.13982915e+03  -7.56943228e+02   0.00000000e+00
   0.00000000e+00  -4.26237511e+02  -1.33915178e+03
  -4.26237511e+02   0.00000000e+00  -8.89310363e+02
  -1.33915178e+03  -8.89310363e+02   0.00000000e+00
   0.00000000e+00  -4.74966037e+02  -1.49224692e+03
  -4.74966037e+02   0.00000000e+00  -9.90978521e+02
  -1.49224692e+03  -9.90978521e+02   0.00000000e+00
   0.00000000e+00  -5.07835914e+02  -1.59551741e+03
  -5.07835914e+02   0.00000000e+00  -1.05955888e+03
  -1.59551741e+03  -1.05955888e+03   0.00000000e+00
   0.00000000e+00  -5.24490663e+02  -1.64784325e+03
  -5.24490663e+02   0.00000000e+00  -1.09430768e+03
  -1.64784325e+03  -1.09430768e+03   0.00000000e+00
   0.00000000e+00  -5.24992826e+02  -1.64942094e+03
  -5.24992826e+02   0.00000000e+00  -1.09535540e+03
  -1.64942094e+03  -1.09535540e+03   0.00000000e+00
   0.00000000e+00  -5.09544381e+02  -1.60088506e+03
  -5.09544381e+02   0.00000000e+00  -1.06312346e+03
  -1.60088506e+03  -1.06312346e+03   0.00000000e+00
   0.00000000e+00  -4.78401899e+02  -1.50304170e+03
  -4.78401899e+02   0.00000000e+00  -9.98147173e+02
  -1.50304170e+03  -9.98147173e+02   0.00000000e+00
   0.00000000e+00  -4.32023334e+02  -1.35732966e+03
  -4.32023334e+02   0.00000000e+00  -9.01382018e+02
  -1.35732966e+03  -9.01382018e+02   0.00000000e+00
   0.00000000e+00  -3.71399018e+02  -1.16686036e+03
  -3.71399018e+02   0.00000000e+00  -7.74894247e+02
  -1.16686036e+03  -7.74894247e+02   0.00000000e+00
   0.00000000e+00  -2.98444343e+02  -9.37651575e+02
  -2.98444343e+02   0.00000000e+00  -6.22680173e+02
  -9.37651575e+02  -6.22680173e+02   0.00000000e+00
   0.00000000e+00  -2.16290204e+02  -6.79539937e+02
  -2.16290204e+02   0.00000000e+00  -4.51272153e+02
  -6.79539937e+02  -4.51272153e+02   0.00000000e+00
   0.00000000e+00  -1.29316255e+02  -4.06285436e+02
  -1.29316255e+02   0.00000000e+00  -2.69807989e+02
  -4.06285436e+02  -2.69807989e+02   0.00000000e+00
   0.00000000e+00  -4.28337502e+01  -1.34574953e+02
  -4.28337502e+01   0.00000000e+00  -8.93691826e+01
  -1.34574953e+02  -8.93691826e+01   0.00000000e+00
   0.00000000e+00   3.75748062e+01   1.18052417e+02
   3.75748062e+01   0.00000000e+00   7.83968179e+01
   1.18052417e+02   7.83968179e+01   0.00000000e+00
   0.00000000e+00   1.06940186e+02   3.35984369e+02
   1.06940186e+02   0.00000000e+00   2.23122117e+02
   3.35984369e+02   2.23122117e+02   0.00000000e+00
   0.00000000e+00   1.61806839e+02   5.08364258e+02
   1.61806839e+02   0.00000000e+00   3.37596984e+02
   5.08364258e+02   3.37596984e+02   0.00000000e+00
   0.00000000e+00   2.00903700e+02   6.31198663e+02
   2.00903700e+02   0.00000000e+00   4.19169448e+02
   6.31198663e+02   4.19169448e+02   0.00000000e+00
   0.00000000e+00   2.25371139e+02   7.08070393e+02
   2.25371139e+02   0.00000000e+00   4.70218796e+02
   7.08070393e+02   4.70218796e+02   0.00000000e+00
   0.00000000e+00   2.38426404e+02   7.49087387e+02
   2.38426404e+02   0.00000000e+00   4.97457559e+02
   7.49087387e+02   4.97457559e+02   0.00000000e+00
   0.00000000e+00   2.44490204e+02   7.68138616e+02
   2.44490204e+02   0.00000000e+00   5.10109191e+02
   7.68138616e+02   5.10109191e+02   0.00000000e+00
   0.00000000e+00   2.47945246e+02   7.78993657e+02
   2.47945246e+02   0.00000000e+00   5.17317859e+02
   7.78993657e+02   5.17317859e+02   0.00000000e+00
   0.00000000e+00   2.51813151e+02   7.91145830e+02
   2.51813151e+02   0.00000000e+00   5.25387933e+02
   7.91145830e+02   5.25387933e+02   0.00000000e+00
   0.00000000e+00   2.56684654e+02   8.06451103e+02
   2.56684654e+02   0.00000000e+00   5.35551932e+02
   8.06451103e+02   5.35551932e+02   0.00000000e+00
   0.00000000e+00   2.60200893e+02   8.17498413e+02
   2.60200893e+02   0.00000000e+00   5.42888283e+02
   8.17498413e+02   5.42888283e+02   0.00000000e+00
   0.00000000e+00   2.57265164e+02   8.08274947e+02
   2.57265164e+02   0.00000000e+00   5.36763119e+02
   8.08274947e+02   5.36763119e+02   0.00000000e+00
   0.00000000e+00   2.40991731e+02   7.57147124e+02
   2.40991731e+02   0.00000000e+00   5.02809908e+02
   7.57147124e+02   5.02809908e+02   0.00000000e+00
   0.00000000e+00   2.04214109e+02   6.41599297e+02
   2.04214109e+02   0.00000000e+00   4.26076351e+02
   6.41599297e+02   4.26076351e+02   0.00000000e+00
   0.00000000e+00   1.41226318e+02   4.43704438e+02
   1.41226318e+02   0.00000000e+00   2.94657380e+02
   4.43704438e+02   2.94657380e+02   0.00000000e+00
   0.00000000e+00   4.93555424e+01   1.55065100e+02
   4.93555424e+01   0.00000000e+00   1.02976378e+02
   1.55065100e+02   1.02976378e+02   0.00000000e+00
   0.00000000e+00  -7.00160151e+01  -2.19976114e+02
  -7.00160151e+01   0.00000000e+00  -1.46082797e+02
  -2.19976114e+02  -1.46082797e+02   0.00000000e+00
   0.00000000e+00  -2.11249981e+02  -6.63704581e+02
  -2.11249981e+02   0.00000000e+00  -4.40756134e+02
  -6.63704581e+02  -4.40756134e+02   0.00000000e+00
   0.00000000e+00  -3.65160189e+02  -1.14725922e+03
  -3.65160189e+02   0.00000000e+00  -7.61877431e+02
  -1.14725922e+03  -7.61877431e+02   0.00000000e+00
   0.00000000e+00  -5.20511560e+02  -1.63534171e+03
  -5.20511560e+02   0.00000000e+00  -1.08600560e+03
  -1.63534171e+03  -1.08600560e+03   0.00000000e+00
   0.00000000e+00  -6.66006255e+02  -2.09245652e+03
  -6.66006255e+02   0.00000000e+00  -1.38956861e+03
  -2.09245652e+03  -1.38956861e+03   0.00000000e+00
   0.00000000e+00  -7.92338620e+02  -2.48936718e+03
  -7.92338620e+02   0.00000000e+00  -1.65315095e+03
  -2.48936718e+03  -1.65315095e+03   0.00000000e+00
   0.00000000e+00  -8.93882072e+02  -2.80839611e+03
  -8.93882072e+02   0.00000000e+00  -1.86501321e+03
  -2.80839611e+03  -1.86501321e+03   0.00000000e+00
   0.00000000e+00  -9.69651780e+02  -3.04644916e+03
  -9.69651780e+02   0.00000000e+00  -2.02310063e+03
  -3.04644916e+03  -2.02310063e+03   0.00000000e+00
   0.00000000e+00  -1.02334471e+03  -3.21514145e+03
  -1.02334471e+03   0.00000000e+00  -2.13512662e+03
  -3.21514145e+03  -2.13512662e+03   0.00000000e+00
   0.00000000e+00  -1.06245415e+03  -3.33801537e+03
  -1.06245415e+03   0.00000000e+00  -2.21672532e+03
  -3.33801537e+03  -2.21672532e+03   0.00000000e+00
   0.00000000e+00  -1.09664457e+03  -3.44543473e+03
  -1.09664457e+03   0.00000000e+00  -2.28806089e+03
  -3.44543473e+03  -2.28806089e+03   0.00000000e+00
   0.00000000e+00  -1.13571491e+03  -3.56818582e+03
  -1.13571491e+03   0.00000000e+00  -2.36957803e+03
  -3.56818582e+03  -2.36957803e+03   0.00000000e+00
   0.00000000e+00  -1.18754724e+03  -3.73103250e+03
  -1.18754724e+03   0.00000000e+00  -2.47772203e+03
  -3.73103250e+03  -2.47772203e+03   0.00000000e+00
   0.00000000e+00  -1.25642353e+03  -3.94742782e+03
  -1.25642353e+03   0.00000000e+00  -2.62142688e+03
  -3.94742782e+03  -2.62142688e+03   0.00000000e+00
   0.00000000e+00  -1.34200588e+03  -4.21631018e+03
  -1.34200588e+03   0.00000000e+00  -2.79998757e+03
  -4.21631018e+03  -2.79998757e+03   0.00000000e+00
   0.00000000e+00  -1.43913937e+03  -4.52148391e+03
  -1.43913937e+03   0.00000000e+00  -3.00264881e+03
  -4.52148391e+03  -3.00264881e+03   0.00000000e+00
   0.00000000e+00  -1.53848586e+03  -4.83361041e+03
  -1.53848586e+03   0.00000000e+00  -3.20992728e+03
  -4.83361041e+03  -3.20992728e+03   0.00000000e+00
   0.00000000e+00  -1.62786196e+03  -5.11441200e+03
  -1.62786196e+03   0.00000000e+00  -3.39640335e+03
  -5.11441200e+03  -3.39640335e+03   0.00000000e+00
   0.00000000e+00  -1.69405758e+03  -5.32238522e+03
  -1.69405758e+03   0.00000000e+00  -3.53451521e+03
  -5.32238522e+03  -3.53451521e+03   0.00000000e+00
   0.00000000e+00  -1.72485804e+03  -5.41915400e+03
  -1.72485804e+03   0.00000000e+00  -3.59877789e+03
  -5.41915400e+03  -3.59877789e+03   0.00000000e+00
   0.00000000e+00  -1.71098085e+03  -5.37555469e+03
  -1.71098085e+03   0.00000000e+00  -3.56982425e+03
  -5.37555469e+03  -3.56982425e+03   0.00000000e+00
   0.00000000e+00  -1.64765763e+03  -5.17660598e+03
  -1.64765763e+03   0.00000000e+00  -3.43770543e+03
  -5.17660598e+03  -3.43770543e+03   0.00000000e+00
   0.00000000e+00  -1.53563545e+03  -4.82465502e+03
  -1.53563545e+03   0.00000000e+00  -3.20398014e+03
  -4.82465502e+03  -3.20398014e+03   0.00000000e+00
   0.00000000e+00  -1.38143760e+03  -4.34019667e+03
  -1.38143760e+03   0.00000000e+00  -2.88225870e+03
  -4.34019667e+03  -2.88225870e+03   0.00000000e+00
   0.00000000e+00  -1.19681008e+03  -3.76013444e+03
  -1.19681008e+03   0.00000000e+00  -2.49704818e+03
  -3.76013444e+03  -2.49704818e+03   0.00000000e+00
   0.00000000e+00  -9.97385706e+02  -3.13358353e+03
  -9.97385706e+02   0.00000000e+00  -2.08096524e+03
  -3.13358353e+03  -2.08096524e+03   0.00000000e+00
   0.00000000e+00  -8.00714162e+02  -2.51568144e+03
  -8.00714162e+02   0.00000000e+00  -1.67062584e+03
  -2.51568144e+03  -1.67062584e+03   0.00000000e+00
   0.00000000e+00  -6.23918005e+02  -1.96022378e+03
  -6.23918005e+02   0.00000000e+00  -1.30175485e+03
  -1.96022378e+03  -1.30175485e+03   0.00000000e+00
   0.00000000e+00  -4.81322207e+02  -1.51221672e+03
  -4.81322207e+02   0.00000000e+00  -1.00424016e+03
  -1.51221672e+03  -1.00424016e+03   0.00000000e+00
   0.00000000e+00  -3.82445883e+02  -1.20156737e+03
  -3.82445883e+02   0.00000000e+00  -7.97942646e+02
  -1.20156737e+03  -7.97942646e+02   0.00000000e+00
   0.00000000e+00  -3.30722459e+02  -1.03906286e+03
  -3.30722459e+02   0.00000000e+00  -6.90025870e+02
  -1.03906286e+03  -6.90025870e+02   0.00000000e+00
   0.00000000e+00  -3.23218066e+02  -1.01548558e+03
  -3.23218066e+02   0.00000000e+00  -6.74368557e+02
  -1.01548558e+03  -6.74368557e+02   0.00000000e+00
   0.00000000e+00  -3.51451103e+02  -1.10418806e+03
  -3.51451103e+02   0.00000000e+00  -7.33274523e+02
  -1.10418806e+03  -7.33274523e+02   0.00000000e+00
   0.00000000e+00  -4.03200491e+02  -1.26677414e+03
  -4.03200491e+02   0.00000000e+00  -8.41245469e+02
  -1.26677414e+03  -8.41245469e+02   0.00000000e+00
   0.00000000e+00  -4.64968212e+02  -1.46083578e+03
  -4.64968212e+02   0.00000000e+00  -9.70118863e+02
  -1.46083578e+03  -9.70118863e+02   0.00000000e+00
   0.00000000e+00  -5.24587876e+02  -1.64814867e+03
  -5.24587876e+02   0.00000000e+00  -1.09451051e+03
  -1.64814867e+03  -1.09451051e+03   0.00000000e+00
   0.00000000e+00  -5.73398900e+02  -1.80150300e+03
  -5.73398900e+02   0.00000000e+00  -1.19635079e+03
  -1.80150300e+03  -1.19635079e+03   0.00000000e+00
   0.00000000e+00  -6.07469692e+02  -1.90854652e+03
  -6.07469692e+02   0.00000000e+00  -1.26743676e+03
  -1.90854652e+03  -1.26743676e+03   0.00000000e+00
   0.00000000e+00  -6.27554295e+02  -1.97164827e+03
  -6.27554295e+02   0.00000000e+00  -1.30934168e+03
  -1.97164827e+03  -1.30934168e+03   0.00000000e+00
   0.00000000e+00  -6.37768154e+02  -2.00373814e+03
  -6.37768154e+02   0.00000000e+00  -1.33065207e+03
  -2.00373814e+03  -1.33065207e+03   0.00000000e+00
   0.00000000e+00  -6.43300968e+02  -2.02112112e+03
  -6.43300968e+02   0.00000000e+00  -1.34219585e+03
  -2.02112112e+03  -1.34219585e+03   0.00000000e+00
   0.00000000e+00  -6.47762403e+02  -2.03513804e+03
  -6.47762403e+02   0.00000000e+00  -1.35150427e+03
  -2.03513804e+03  -1.35150427e+03   0.00000000e+00
   0.00000000e+00  -6.50899021e+02  -2.04499266e+03
  -6.50899021e+02   0.00000000e+00  -1.35804857e+03
  -2.04499266e+03  -1.35804857e+03   0.00000000e+00
   0.00000000e+00  -6.47375561e+02  -2.03392267e+03
  -6.47375561e+02   0.00000000e+00  -1.35069716e+03
  -2.03392267e+03  -1.35069716e+03   0.00000000e+00
   0.00000000e+00  -6.27074461e+02  -1.97014073e+03
  -6.27074461e+02   0.00000000e+00  -1.30834054e+03
  -1.97014073e+03  -1.30834054e+03   0.00000000e+00
   0.00000000e+00  -5.76982529e+02  -1.81276204e+03
  -5.76982529e+02   0.00000000e+00  -1.20382775e+03
  -1.81276204e+03  -1.20382775e+03   0.00000000e+00
   0.00000000e+00  -4.84297034e+02  -1.52156302e+03
  -4.84297034e+02   0.00000000e+00  -1.01044690e+03
  -1.52156302e+03  -1.01044690e+03   0.00000000e+00
   0.00000000e+00  -3.40011555e+02  -1.06824732e+03
  -3.40011555e+02   0.00000000e+00  -7.09406824e+02
  -1.06824732e+03  -7.09406824e+02   0.00000000e+00
   0.00000000e+00  -1.42042490e+02  -4.46268683e+02
  -1.42042490e+02   0.00000000e+00  -2.96360256e+02
  -4.46268683e+02  -2.96360256e+02   0.00000000e+00
   0.00000000e+00   1.03000555e+02   3.23606845e+02
   1.03000555e+02   0.00000000e+00   2.14902392e+02
   3.23606845e+02   2.14902392e+02   0.00000000e+00
   0.00000000e+00   3.80003316e+02   1.19389332e+03
   3.80003316e+02   0.00000000e+00   7.92846425e+02
   1.19389332e+03   7.92846425e+02   0.00000000e+00
   0.00000000e+00   6.67610223e+02   2.09749587e+03
   6.67610223e+02   0.00000000e+00   1.39291516e+03
   2.09749587e+03   1.39291516e+03   0.00000000e+00
   0.00000000e+00   9.42118550e+02   2.95994534e+03
   9.42118550e+02   0.00000000e+00   1.96565475e+03
   2.95994534e+03   1.96565475e+03   0.00000000e+00
   0.00000000e+00   1.18208174e+03   3.71386100e+03
   1.18208174e+03   0.00000000e+00   2.46631870e+03
   3.71386100e+03   2.46631870e+03   0.00000000e+00
   0.00000000e+00   1.37245025e+03   4.31196023e+03
   1.37245025e+03   0.00000000e+00   2.86350731e+03
   4.31196023e+03   2.86350731e+03   0.00000000e+00
   0.00000000e+00   1.50714307e+03   4.73513773e+03
   1.50714307e+03   0.00000000e+00   3.14453307e+03
   4.73513773e+03   3.14453307e+03   0.00000000e+00
   0.00000000e+00   1.58932059e+03   4.99332283e+03
   1.58932059e+03   0.00000000e+00   3.31598987e+03
   4.99332283e+03   3.31598987e+03   0.00000000e+00
   0.00000000e+00   1.62922753e+03   5.11870234e+03
   1.62922753e+03   0.00000000e+00   3.39925250e+03
   5.11870234e+03   3.39925250e+03   0.00000000e+00
   0.00000000e+00   1.64013783e+03   5.15298031e+03
   1.64013783e+03   0.00000000e+00   3.42201598e+03
   5.15298031e+03   3.42201598e+03   0.00000000e+00
   0.00000000e+00   1.63348361e+03   5.13207408e+03
   1.63348361e+03   0.00000000e+00   3.40813247e+03
   5.13207408e+03   3.40813247e+03   0.00000000e+00
   0.00000000e+00   1.61453080e+03   5.07252820e+03
   1.61453080e+03   0.00000000e+00   3.36858896e+03
   5.07252820e+03   3.36858896e+03   0.00000000e+00
   0.00000000e+00   1.57988271e+03   4.96367093e+03
   1.57988271e+03   0.00000000e+00   3.29629849e+03
   4.96367093e+03   3.29629849e+03   0.00000000e+00
   0.00000000e+00   1.51765081e+03   4.76815092e+03
   1.51765081e+03   0.00000000e+00   3.16645662e+03
   4.76815092e+03   3.16645662e+03   0.00000000e+00
   0.00000000e+00   1.41043400e+03   4.43129745e+03
   1.41043400e+03   0.00000000e+00   2.94275735e+03
   4.43129745e+03   2.94275735e+03   0.00000000e+00
   0.00000000e+00   1.24047243e+03   3.89731270e+03
   1.24047243e+03   0.00000000e+00   2.58814618e+03
   3.89731270e+03   2.58814618e+03   0.00000000e+00
   0.00000000e+00   9.95697612e+02   3.12827988e+03
   9.95697612e+02   0.00000000e+00   2.07744317e+03
   3.12827988e+03   2.07744317e+03   0.00000000e+00
   0.00000000e+00   6.75064406e+02   2.12091540e+03
   6.75064406e+02   0.00000000e+00   1.40846771e+03
   2.12091540e+03   1.40846771e+03   0.00000000e+00
   0.00000000e+00   2.91627987e+02   9.16235967e+02
   2.91627987e+02   0.00000000e+00   6.08458393e+02
   9.16235967e+02   6.08458393e+02   0.00000000e+00
   0.00000000e+00  -1.27676838e+02  -4.01134720e+02
  -1.27676838e+02   0.00000000e+00  -2.66387477e+02
  -4.01134720e+02  -2.66387477e+02   0.00000000e+00
   0.00000000e+00  -5.45789957e+02  -1.71476131e+03
  -5.45789957e+02   0.00000000e+00  -1.13874695e+03
  -1.71476131e+03  -1.13874695e+03   0.00000000e+00
   0.00000000e+00  -9.22129760e+02  -2.89714461e+03
  -9.22129760e+02   0.00000000e+00  -1.92394975e+03
  -2.89714461e+03  -1.92394975e+03   0.00000000e+00
   0.00000000e+00  -1.22057481e+03  -3.83479842e+03
  -1.22057481e+03   0.00000000e+00  -2.54663140e+03
  -3.83479842e+03  -2.54663140e+03   0.00000000e+00
   0.00000000e+00  -1.41692106e+03  -4.45167849e+03
  -1.41692106e+03   0.00000000e+00  -2.95629209e+03
  -4.45167849e+03  -2.95629209e+03   0.00000000e+00
   0.00000000e+00  -1.50396873e+03  -4.72516462e+03
  -1.50396873e+03   0.00000000e+00  -3.13791007e+03
  -4.72516462e+03  -3.13791007e+03   0.00000000e+00
   0.00000000e+00  -1.49293002e+03  -4.69048322e+03
  -1.49293002e+03   0.00000000e+00  -3.11487868e+03
  -4.69048322e+03  -3.11487868e+03   0.00000000e+00
   0.00000000e+00  -1.41072784e+03  -4.43222066e+03
  -1.41072784e+03   0.00000000e+00  -2.94337044e+03
  -4.43222066e+03  -2.94337044e+03   0.00000000e+00
   0.00000000e+00  -1.29375484e+03  -4.06471521e+03
  -1.29375484e+03   0.00000000e+00  -2.69931565e+03
  -4.06471521e+03  -2.69931565e+03   0.00000000e+00
   0.00000000e+00  -1.17953477e+03  -3.70585894e+03
  -1.17953477e+03   0.00000000e+00  -2.46100465e+03
  -3.70585894e+03  -2.46100465e+03   0.00000000e+00
   0.00000000e+00  -1.09826216e+03  -3.45051687e+03
  -1.09826216e+03   0.00000000e+00  -2.29143586e+03
  -3.45051687e+03  -2.29143586e+03   0.00000000e+00
   0.00000000e+00  -1.06624706e+03  -3.34993194e+03
  -1.06624706e+03   0.00000000e+00  -2.22463893e+03
  -3.34993194e+03  -2.22463893e+03   0.00000000e+00
   0.00000000e+00  -1.08282976e+03  -3.40203140e+03
  -1.08282976e+03   0.00000000e+00  -2.25923740e+03
  -3.40203140e+03  -2.25923740e+03   0.00000000e+00
   0.00000000e+00  -1.13145811e+03  -3.55481182e+03
  -1.13145811e+03   0.00000000e+00  -2.36069655e+03
  -3.55481182e+03  -2.36069655e+03   0.00000000e+00
   0.00000000e+00  -1.18456838e+03  -3.72167350e+03
  -1.18456838e+03   0.00000000e+00  -2.47150686e+03
  -3.72167350e+03  -2.47150686e+03   0.00000000e+00
   0.00000000e+00  -1.21096222e+03  -3.80459760e+03
  -1.21096222e+03   0.00000000e+00  -2.52657549e+03
  -3.80459760e+03  -2.52657549e+03   0.00000000e+00
   0.00000000e+00  -1.18378222e+03  -3.71920354e+03
  -1.18378222e+03   0.00000000e+00  -2.46986660e+03
  -3.71920354e+03  -2.46986660e+03   0.00000000e+00
   0.00000000e+00  -1.08709978e+03  -3.41544694e+03
  -1.08709978e+03   0.00000000e+00  -2.26814645e+03
  -3.41544694e+03  -2.26814645e+03   0.00000000e+00
   0.00000000e+00  -9.19550470e+02  -2.88904101e+03
  -9.19550470e+02   0.00000000e+00  -1.91856826e+03
  -2.88904101e+03  -1.91856826e+03   0.00000000e+00
   0.00000000e+00  -6.94259136e+02  -2.18122134e+03
  -6.94259136e+02   0.00000000e+00  -1.44851597e+03
  -2.18122134e+03  -1.44851597e+03   0.00000000e+00
   0.00000000e+00  -4.35274127e+02  -1.36754299e+03
  -4.35274127e+02   0.00000000e+00  -9.08164537e+02
  -1.36754299e+03  -9.08164537e+02   0.00000000e+00
   0.00000000e+00  -1.71616513e+02  -5.39184265e+02
  -1.71616513e+02   0.00000000e+00  -3.58064083e+02
  -5.39184265e+02  -3.58064083e+02   0.00000000e+00
   0.00000000e+00   6.93900781e+01   2.18009547e+02
   6.93900781e+01   0.00000000e+00   1.44776830e+02
   2.18009547e+02   1.44776830e+02   0.00000000e+00
   0.00000000e+00   2.67756830e+02   8.41237633e+02
   2.67756830e+02   0.00000000e+00   5.58653138e+02
   8.41237633e+02   5.58653138e+02   0.00000000e+00
   0.00000000e+00   4.14077092e+02   1.30094621e+03
   4.14077092e+02   0.00000000e+00   8.63938624e+02
   1.30094621e+03   8.63938624e+02   0.00000000e+00
   0.00000000e+00   5.09770854e+02   1.60159659e+03
   5.09770854e+02   0.00000000e+00   1.06359598e+03
   1.60159659e+03   1.06359598e+03   0.00000000e+00
   0.00000000e+00   5.64579807e+02   1.77379520e+03
   5.64579807e+02   0.00000000e+00   1.17795046e+03
   1.77379520e+03   1.17795046e+03   0.00000000e+00
   0.00000000e+00   5.92305044e+02   1.86090228e+03
   5.92305044e+02   0.00000000e+00   1.23579694e+03
   1.86090228e+03   1.23579694e+03   0.00000000e+00
   0.00000000e+00   6.06189391e+02   1.90452407e+03
   6.06189391e+02   0.00000000e+00   1.26476552e+03
   1.90452407e+03   1.26476552e+03   0.00000000e+00
   0.00000000e+00   6.15328392e+02   1.93323696e+03
   6.15328392e+02   0.00000000e+00   1.28383331e+03
   1.93323696e+03   1.28383331e+03   0.00000000e+00
   0.00000000e+00   6.23073484e+02   1.95757047e+03
   6.23073484e+02   0.00000000e+00   1.29999282e+03
   1.95757047e+03   1.29999282e+03   0.00000000e+00
   0.00000000e+00   6.27708163e+02   1.97213169e+03
   6.27708163e+02   0.00000000e+00   1.30966271e+03
   1.97213169e+03   1.30966271e+03   0.00000000e+00
   0.00000000e+00   6.24946438e+02   1.96345491e+03
   6.24946438e+02   0.00000000e+00   1.30390059e+03
   1.96345491e+03   1.30390059e+03   0.00000000e+00
   0.00000000e+00   6.11244563e+02   1.92040640e+03
   6.11244563e+02   0.00000000e+00   1.27531273e+03
   1.92040640e+03   1.27531273e+03   0.00000000e+00
   0.00000000e+00   5.86696607e+02   1.84328170e+03
   5.86696607e+02   0.00000000e+00   1.22409539e+03
   1.84328170e+03   1.22409539e+03   0.00000000e+00
   0.00000000e+00   5.56461181e+02   1.74828813e+03
   5.56461181e+02   0.00000000e+00   1.16101160e+03
   1.74828813e+03   1.16101160e+03   0.00000000e+00
   0.00000000e+00   5.30179209e+02   1.66571550e+03
   5.30179209e+02   0.00000000e+00   1.10617637e+03
   1.66571550e+03   1.10617637e+03   0.00000000e+00
   0.00000000e+00   5.19528562e+02   1.63225333e+03
   5.19528562e+02   0.00000000e+00   1.08395465e+03
   1.63225333e+03   1.08395465e+03   0.00000000e+00
   0.00000000e+00   5.34705480e+02   1.67993613e+03
   5.34705480e+02   0.00000000e+00   1.11562008e+03
   1.67993613e+03   1.11562008e+03   0.00000000e+00
   0.00000000e+00   5.81021537e+02   1.82545178e+03
   5.81021537e+02   0.00000000e+00   1.21225481e+03
   1.82545178e+03   1.21225481e+03   0.00000000e+00
   0.00000000e+00   6.56828554e+02   2.06362205e+03
   6.56828554e+02   0.00000000e+00   1.37042007e+03
   2.06362205e+03   1.37042007e+03   0.00000000e+00
   0.00000000e+00   7.53615564e+02   2.36770720e+03
   7.53615564e+02   0.00000000e+00   1.57235840e+03
   2.36770720e+03   1.57235840e+03   0.00000000e+00
   0.00000000e+00   8.58463834e+02   2.69711919e+03
   8.58463834e+02   0.00000000e+00   1.79111590e+03
   2.69711919e+03   1.79111590e+03   0.00000000e+00
   0.00000000e+00   9.58290660e+02   3.01075483e+03
   9.58290660e+02   0.00000000e+00   1.99939656e+03
   3.01075483e+03   1.99939656e+03   0.00000000e+00
   0.00000000e+00   1.04468828e+03   3.28219862e+03
   1.04468828e+03   0.00000000e+00   2.17965827e+03
   3.28219862e+03   2.17965827e+03   0.00000000e+00
   0.00000000e+00   1.11786964e+03   3.51211960e+03
   1.11786964e+03   0.00000000e+00   2.33234530e+03
   3.51211960e+03   2.33234530e+03   0.00000000e+00
   0.00000000e+00   1.18837614e+03   3.73363673e+03
   1.18837614e+03   0.00000000e+00   2.47945146e+03
   3.73363673e+03   2.47945146e+03   0.00000000e+00
   0.00000000e+00   1.27576429e+03   4.00819256e+03
   1.27576429e+03   0.00000000e+00   2.66177982e+03
   4.00819256e+03   2.66177982e+03   0.00000000e+00
   0.00000000e+00   1.40432113e+03   4.41209207e+03
   1.40432113e+03   0.00000000e+00   2.93000335e+03
   4.41209207e+03   2.93000335e+03   0.00000000e+00
   0.00000000e+00   1.59673038e+03   5.01660289e+03
   1.59673038e+03   0.00000000e+00   3.33144980e+03
   5.01660289e+03   3.33144980e+03   0.00000000e+00
   0.00000000e+00   1.86727071e+03   5.86658572e+03
   1.86727071e+03   0.00000000e+00   3.89591050e+03
   5.86658572e+03   3.89591050e+03   0.00000000e+00
   0.00000000e+00   2.21637770e+03   6.96340905e+03
   2.21637770e+03   0.00000000e+00   4.62429422e+03
   6.96340905e+03   4.62429422e+03   0.00000000e+00
   0.00000000e+00   2.62814999e+03   8.25711403e+03
   2.62814999e+03   0.00000000e+00   5.48342404e+03
   8.25711403e+03   5.48342404e+03   0.00000000e+00
   0.00000000e+00   3.07167470e+03   9.65057868e+03
   3.07167470e+03   0.00000000e+00   6.40880277e+03
   9.65057868e+03   6.40880277e+03   0.00000000e+00
   0.00000000e+00   3.50606397e+03   1.10153416e+04
   3.50606397e+03   0.00000000e+00   7.31512112e+03
   1.10153416e+04   7.31512112e+03   0.00000000e+00
   0.00000000e+00   3.88810298e+03   1.22156307e+04
   3.88810298e+03   0.00000000e+00   8.11221486e+03
   1.22156307e+04   8.11221486e+03   0.00000000e+00
   0.00000000e+00   4.18069350e+03   1.31348908e+04
   4.18069350e+03   0.00000000e+00   8.72268151e+03
   1.31348908e+04   8.72268151e+03   0.00000000e+00
   0.00000000e+00   4.36004190e+03   1.36983670e+04
   4.36004190e+03   0.00000000e+00   9.09687755e+03
   1.36983670e+04   9.09687755e+03   0.00000000e+00
   0.00000000e+00   4.41985035e+03   1.38862730e+04
   4.41985035e+03   0.00000000e+00   9.22166308e+03
   1.38862730e+04   9.22166308e+03   0.00000000e+00
   0.00000000e+00   4.37153289e+03   1.37344694e+04
   4.37153289e+03   0.00000000e+00   9.12085257e+03
   1.37344694e+04   9.12085257e+03   0.00000000e+00
   0.00000000e+00   4.24048424e+03   1.33227411e+04
   4.24048424e+03   0.00000000e+00   8.84743009e+03
   1.33227411e+04   8.84743009e+03   0.00000000e+00
   0.00000000e+00   4.05941473e+03   1.27538575e+04
   4.05941473e+03   0.00000000e+00   8.46964309e+03
   1.27538575e+04   8.46964309e+03   0.00000000e+00
   0.00000000e+00   3.86047662e+03   1.21288343e+04
   3.86047662e+03   0.00000000e+00   8.05457467e+03
   1.21288343e+04   8.05457467e+03   0.00000000e+00
   0.00000000e+00   3.66816282e+03   1.15246233e+04
   3.66816282e+03   0.00000000e+00   7.65332737e+03
   1.15246233e+04   7.65332737e+03   0.00000000e+00
   0.00000000e+00   3.49469495e+03   1.09796225e+04
   3.49469495e+03   0.00000000e+00   7.29140058e+03
   1.09796225e+04   7.29140058e+03   0.00000000e+00
   0.00000000e+00   3.33890943e+03   1.04901760e+04
   3.33890943e+03   0.00000000e+00   6.96636658e+03
   1.04901760e+04   6.96636658e+03   0.00000000e+00
   0.00000000e+00   3.18869878e+03   1.00182446e+04
   3.18869878e+03   0.00000000e+00   6.65296412e+03
   1.00182446e+04   6.65296412e+03   0.00000000e+00
   0.00000000e+00   3.02613579e+03   9.50750466e+03
   3.02613579e+03   0.00000000e+00   6.31378948e+03
   9.50750466e+03   6.31378948e+03   0.00000000e+00
   0.00000000e+00   2.83375287e+03   8.90307658e+03
   2.83375287e+03   0.00000000e+00   5.91239797e+03
   8.90307658e+03   5.91239797e+03   0.00000000e+00
   0.00000000e+00   2.60023497e+03   8.16941072e+03
   2.60023497e+03   0.00000000e+00   5.42518161e+03
   8.16941072e+03   5.42518161e+03   0.00000000e+00
   0.00000000e+00   2.32404833e+03   7.30168833e+03
   2.32404833e+03   0.00000000e+00   4.84894035e+03
   7.30168833e+03   4.84894035e+03   0.00000000e+00
   0.00000000e+00   2.01417927e+03   6.32814260e+03
   2.01417927e+03   0.00000000e+00   4.20242341e+03
   6.32814260e+03   4.20242341e+03   0.00000000e+00
   0.00000000e+00   1.68800149e+03   5.30335821e+03
   1.68800149e+03   0.00000000e+00   3.52187966e+03
   5.30335821e+03   3.52187966e+03   0.00000000e+00
   0.00000000e+00   1.36708631e+03   4.29510782e+03
   1.36708631e+03   0.00000000e+00   2.85231588e+03
   4.29510782e+03   2.85231588e+03   0.00000000e+00
   0.00000000e+00   1.07229358e+03   3.36892888e+03
   1.07229358e+03   0.00000000e+00   2.23725451e+03
   3.36892888e+03   2.23725451e+03   0.00000000e+00
   0.00000000e+00   8.19592745e+02   2.57499411e+03
   8.19592745e+02   0.00000000e+00   1.71001449e+03
   2.57499411e+03   1.71001449e+03   0.00000000e+00
   0.00000000e+00   6.17745957e+02   1.94083246e+03
   6.17745957e+02   0.00000000e+00   1.28887737e+03
   1.94083246e+03   1.28887737e+03   0.00000000e+00
   0.00000000e+00   4.68349463e+02   1.47145899e+03
   4.68349463e+02   0.00000000e+00   9.77173571e+02
   1.47145899e+03   9.77173571e+02   0.00000000e+00
   0.00000000e+00   3.67974429e+02   1.15610100e+03
   3.67974429e+02   0.00000000e+00   7.67749117e+02
   1.15610100e+03   7.67749117e+02   0.00000000e+00
   0.00000000e+00   3.11503973e+02   9.78682282e+02
   3.11503973e+02   0.00000000e+00   6.49928043e+02
   9.78682282e+02   6.49928043e+02   0.00000000e+00
   0.00000000e+00   2.95420360e+02   9.28150832e+02
   2.95420360e+02   0.00000000e+00   6.16370874e+02
   9.28150832e+02   6.16370874e+02   0.00000000e+00
   0.00000000e+00   3.19854626e+02   1.00491834e+03
   3.19854626e+02   0.00000000e+00   6.67351010e+02
   1.00491834e+03   6.67351010e+02   0.00000000e+00
   0.00000000e+00   3.88648543e+02   1.22105487e+03
   3.88648543e+02   0.00000000e+00   8.10883997e+02
   1.22105487e+03   8.10883997e+02   0.00000000e+00
   0.00000000e+00   5.07358985e+02   1.59401899e+03
   5.07358985e+02   0.00000000e+00   1.05856381e+03
   1.59401899e+03   1.05856381e+03   0.00000000e+00
   0.00000000e+00   6.79846230e+02   2.13593892e+03
   6.79846230e+02   0.00000000e+00   1.41844460e+03
   2.13593892e+03   1.41844460e+03   0.00000000e+00
   0.00000000e+00   9.04607670e+02   2.84209376e+03
   9.04607670e+02   0.00000000e+00   1.88739131e+03
   2.84209376e+03   1.88739131e+03   0.00000000e+00
   0.00000000e+00   1.17217965e+03   3.68275064e+03
   1.17217965e+03   0.00000000e+00   2.44565878e+03
   3.68275064e+03   2.44565878e+03   0.00000000e+00
   0.00000000e+00   1.46467148e+03   4.60170063e+03
   1.46467148e+03   0.00000000e+00   3.05591952e+03
   4.60170063e+03   3.05591952e+03   0.00000000e+00
   0.00000000e+00   1.75788275e+03   5.52291093e+03
   1.75788275e+03   0.00000000e+00   3.66768129e+03
   5.52291093e+03   3.66768129e+03   0.00000000e+00
   0.00000000e+00   2.02566508e+03   6.36422868e+03
   2.02566508e+03   0.00000000e+00   4.22638763e+03
   6.36422868e+03   4.22638763e+03   0.00000000e+00
   0.00000000e+00   2.24546025e+03   7.05478051e+03
   2.24546025e+03   0.00000000e+00   4.68497262e+03
   7.05478051e+03   4.68497262e+03   0.00000000e+00
   0.00000000e+00   2.40350440e+03   7.55132317e+03
   2.40350440e+03   0.00000000e+00   5.01471905e+03
   7.55132317e+03   5.01471905e+03   0.00000000e+00
   0.00000000e+00   2.49817734e+03   7.84876633e+03
   2.49817734e+03   0.00000000e+00   5.21224654e+03
   7.84876633e+03   5.21224654e+03   0.00000000e+00
   0.00000000e+00   2.54041334e+03   7.98146328e+03
   2.54041334e+03   0.00000000e+00   5.30036857e+03
   7.98146328e+03   5.30036857e+03   0.00000000e+00
   0.00000000e+00   2.55086250e+03   8.01429242e+03
   2.55086250e+03   0.00000000e+00   5.32216991e+03
   8.01429242e+03   5.32216991e+03   0.00000000e+00
   0.00000000e+00   2.55438962e+03   8.02537392e+03
   2.55438962e+03   0.00000000e+00   5.32952896e+03
   8.02537392e+03   5.32952896e+03   0.00000000e+00
   0.00000000e+00   2.57327063e+03   8.08469422e+03
   2.57327063e+03   0.00000000e+00   5.36892267e+03
   8.08469422e+03   5.36892267e+03   0.00000000e+00
   0.00000000e+00   2.62087268e+03   8.23425022e+03
   2.62087268e+03   0.00000000e+00   5.46824054e+03
   8.23425022e+03   5.46824054e+03   0.00000000e+00
   0.00000000e+00   2.69755033e+03   8.47515583e+03
   2.69755033e+03   0.00000000e+00   5.62822230e+03
   8.47515583e+03   5.62822230e+03   0.00000000e+00
   0.00000000e+00   2.78995638e+03   8.76547690e+03
   2.78995638e+03   0.00000000e+00   5.82102011e+03
   8.76547690e+03   5.82102011e+03   0.00000000e+00
   0.00000000e+00   2.87408859e+03   9.02980322e+03
   2.87408859e+03   0.00000000e+00   5.99655521e+03
   9.02980322e+03   5.99655521e+03   0.00000000e+00
   0.00000000e+00   2.92140764e+03   9.17847008e+03
   2.92140764e+03   0.00000000e+00   6.09528261e+03
   9.17847008e+03   6.09528261e+03   0.00000000e+00
   0.00000000e+00   2.90653336e+03   9.13173812e+03
   2.90653336e+03   0.00000000e+00   6.06424862e+03
   9.13173812e+03   6.06424862e+03   0.00000000e+00
   0.00000000e+00   2.81457486e+03   8.84282316e+03
   2.81457486e+03   0.00000000e+00   5.87238459e+03
   8.84282316e+03   5.87238459e+03   0.00000000e+00
   0.00000000e+00   2.64619740e+03   8.31381534e+03
   2.64619740e+03   0.00000000e+00   5.52107852e+03
   8.31381534e+03   5.52107852e+03   0.00000000e+00
   0.00000000e+00   2.41906742e+03   7.60021903e+03
   2.41906742e+03   0.00000000e+00   5.04719005e+03
   7.60021903e+03   5.04719005e+03   0.00000000e+00
   0.00000000e+00   2.16521483e+03   6.80266568e+03
   2.16521483e+03   0.00000000e+00   4.51754698e+03
   6.80266568e+03   4.51754698e+03   0.00000000e+00
   0.00000000e+00   1.92488007e+03   6.04758263e+03
   1.92488007e+03   0.00000000e+00   4.01610780e+03
   6.04758263e+03   4.01610780e+03   0.00000000e+00
   0.00000000e+00   1.73830357e+03   5.46139712e+03
   1.73830357e+03   0.00000000e+00   3.62683090e+03
   5.46139712e+03   3.62683090e+03   0.00000000e+00
   0.00000000e+00   1.63743186e+03   5.14447868e+03
   1.63743186e+03   0.00000000e+00   3.41637017e+03
   5.14447868e+03   3.41637017e+03   0.00000000e+00
   0.00000000e+00   1.63952498e+03   5.15105483e+03
   1.63952498e+03   0.00000000e+00   3.42073729e+03
   5.15105483e+03   3.42073729e+03   0.00000000e+00
   0.00000000e+00   1.74415724e+03   5.47978819e+03
   1.74415724e+03   0.00000000e+00   3.63904413e+03
   5.47978819e+03   3.63904413e+03   0.00000000e+00
   0.00000000e+00   1.93424448e+03   6.07700370e+03
   1.93424448e+03   0.00000000e+00   4.03564588e+03
   6.07700370e+03   4.03564588e+03   0.00000000e+00
   0.00000000e+00   2.18072919e+03   6.85140866e+03
   2.18072919e+03   0.00000000e+00   4.54991645e+03
   6.85140866e+03   4.54991645e+03   0.00000000e+00
   0.00000000e+00   2.44966606e+03   7.69635376e+03
   2.44966606e+03   0.00000000e+00   5.11103167e+03
   7.69635376e+03   5.11103167e+03   0.00000000e+00
   0.00000000e+00   2.70989426e+03   8.51393796e+03
   2.70989426e+03   0.00000000e+00   5.65397692e+03
   8.51393796e+03   5.65397692e+03   0.00000000e+00
   0.00000000e+00   2.93939822e+03   9.23499282e+03
   2.93939822e+03   0.00000000e+00   6.13281850e+03
   9.23499282e+03   6.13281850e+03   0.00000000e+00
   0.00000000e+00   3.12886017e+03   9.83024384e+03
   3.12886017e+03   0.00000000e+00   6.52811567e+03
   9.83024384e+03   6.52811567e+03   0.00000000e+00
   0.00000000e+00   3.28168246e+03   1.03103805e+04
   3.28168246e+03   0.00000000e+00   6.84696711e+03
   1.03103805e+04   6.84696711e+03   0.00000000e+00
   0.00000000e+00   3.41069246e+03   1.07157037e+04
   3.41069246e+03   0.00000000e+00   7.11613612e+03
   1.07157037e+04   7.11613612e+03   0.00000000e+00
   0.00000000e+00   3.53258678e+03   1.10986709e+04
   3.53258678e+03   0.00000000e+00   7.37045884e+03
   1.10986709e+04   7.37045884e+03   0.00000000e+00
   0.00000000e+00   3.66170531e+03   1.15043352e+04
   3.66170531e+03   0.00000000e+00   7.63985430e+03
   1.15043352e+04   7.63985430e+03   0.00000000e+00
   0.00000000e+00   3.80482326e+03   1.19539827e+04
   3.80482326e+03   0.00000000e+00   7.93845841e+03
   1.19539827e+04   7.93845841e+03   0.00000000e+00
   0.00000000e+00   3.95830376e+03   1.24361873e+04
   3.95830376e+03   0.00000000e+00   8.25868314e+03
   1.24361873e+04   8.25868314e+03   0.00000000e+00
   0.00000000e+00   4.10827396e+03   1.29073632e+04
   4.10827396e+03   0.00000000e+00   8.57158393e+03
   1.29073632e+04   8.57158393e+03   0.00000000e+00
   0.00000000e+00   4.23366611e+03   1.33013199e+04
   4.23366611e+03   0.00000000e+00   8.83320460e+03
   1.33013199e+04   8.83320460e+03   0.00000000e+00
   0.00000000e+00   4.31122443e+03   1.35449924e+04
   4.31122443e+03   0.00000000e+00   8.99502380e+03
   1.35449924e+04   8.99502380e+03   0.00000000e+00
   0.00000000e+00   4.32110975e+03   1.35760501e+04
   4.32110975e+03   0.00000000e+00   9.01564874e+03
   1.35760501e+04   9.01564874e+03   0.00000000e+00
   0.00000000e+00   4.25164585e+03   1.33578086e+04
   4.25164585e+03   0.00000000e+00   8.87071789e+03
   1.33578086e+04   8.87071789e+03   0.00000000e+00
   0.00000000e+00   4.10204468e+03   1.28877921e+04
   4.10204468e+03   0.00000000e+00   8.55858704e+03
   1.28877921e+04   8.55858704e+03   0.00000000e+00
   0.00000000e+00   3.88252421e+03   1.21981033e+04
   3.88252421e+03   0.00000000e+00   8.10057521e+03
   1.21981033e+04   8.10057521e+03   0.00000000e+00
   0.00000000e+00   3.61192542e+03   1.13479368e+04
   3.61192542e+03   0.00000000e+00   7.53599254e+03
   1.13479368e+04   7.53599254e+03   0.00000000e+00
   0.00000000e+00   3.31355998e+03   1.04105331e+04
   3.31355998e+03   0.00000000e+00   6.91347699e+03
   1.04105331e+04   6.91347699e+03   0.00000000e+00
   0.00000000e+00   3.01042115e+03   9.45813248e+03
   3.01042115e+03   0.00000000e+00   6.28100216e+03
   9.45813248e+03   6.28100216e+03   0.00000000e+00
   0.00000000e+00   2.72097601e+03   8.54875456e+03
   2.72097601e+03   0.00000000e+00   5.67709809e+03
   8.54875456e+03   5.67709809e+03   0.00000000e+00
   0.00000000e+00   2.45652454e+03   7.71790171e+03
   2.45652454e+03   0.00000000e+00   5.12534133e+03
   7.71790171e+03   5.12534133e+03   0.00000000e+00
   0.00000000e+00   2.22064064e+03   6.97680233e+03
   2.22064064e+03   0.00000000e+00   4.63318849e+03
   6.97680233e+03   4.63318849e+03   0.00000000e+00
   0.00000000e+00   2.01063892e+03   6.31701953e+03
   2.01063892e+03   0.00000000e+00   4.19503675e+03
   6.31701953e+03   4.19503675e+03   0.00000000e+00
   0.00000000e+00   1.82049771e+03   5.71963444e+03
   1.82049771e+03   0.00000000e+00   3.79832238e+03
   5.71963444e+03   3.79832238e+03   0.00000000e+00
   0.00000000e+00   1.64434015e+03   5.16618314e+03
   1.64434015e+03   0.00000000e+00   3.43078378e+03
   5.16618314e+03   3.43078378e+03   0.00000000e+00
   0.00000000e+00   1.47950502e+03   4.64830458e+03
   1.47950502e+03   0.00000000e+00   3.08686849e+03
   4.64830458e+03   3.08686849e+03   0.00000000e+00
   0.00000000e+00   1.32842371e+03   4.17363776e+03
   1.32842371e+03   0.00000000e+00   2.77164946e+03
   4.17363776e+03   2.77164946e+03   0.00000000e+00
   0.00000000e+00   1.19889268e+03   3.76667755e+03
   1.19889268e+03   0.00000000e+00   2.50139337e+03
   3.76667755e+03   2.50139337e+03   0.00000000e+00
   0.00000000e+00   1.10277881e+03   3.46470726e+03
   1.10277881e+03   0.00000000e+00   2.30085948e+03
   3.46470726e+03   2.30085948e+03   0.00000000e+00
   0.00000000e+00   1.05359613e+03   3.31018529e+03
   1.05359613e+03   0.00000000e+00   2.19824379e+03
   3.31018529e+03   2.19824379e+03   0.00000000e+00
   0.00000000e+00   1.06364408e+03   3.34175389e+03
   1.06364408e+03   0.00000000e+00   2.21920802e+03
   3.34175389e+03   2.21920802e+03   0.00000000e+00
   0.00000000e+00   1.14144642e+03   3.58619305e+03
   1.14144642e+03   0.00000000e+00   2.38153635e+03
   3.58619305e+03   2.38153635e+03   0.00000000e+00
   0.00000000e+00   1.29008279e+03   4.05317838e+03
   1.29008279e+03   0.00000000e+00   2.69165422e+03
   4.05317838e+03   2.69165422e+03   0.00000000e+00
   0.00000000e+00   1.50671770e+03   4.73380130e+03
   1.50671770e+03   0.00000000e+00   3.14364556e+03
   4.73380130e+03   3.14364556e+03   0.00000000e+00
   0.00000000e+00   1.78329641e+03   5.60275552e+03
   1.78329641e+03   0.00000000e+00   3.72070486e+03
   5.60275552e+03   3.72070486e+03   0.00000000e+00
   0.00000000e+00   2.10808772e+03   6.62318389e+03
   2.10808772e+03   0.00000000e+00   4.39835585e+03
   6.62318389e+03   4.39835585e+03   0.00000000e+00
   0.00000000e+00   2.46758324e+03   7.75264589e+03
   2.46758324e+03   0.00000000e+00   5.14841441e+03
   7.75264589e+03   5.14841441e+03   0.00000000e+00
   0.00000000e+00   2.84824709e+03   8.94861447e+03
   2.84824709e+03   0.00000000e+00   5.94263899e+03
   8.94861447e+03   5.94263899e+03   0.00000000e+00
   0.00000000e+00   3.23773443e+03   1.01723047e+04
   3.23773443e+03   0.00000000e+00   6.75527307e+03
   1.01723047e+04   6.75527307e+03   0.00000000e+00
   0.00000000e+00   3.62541301e+03   1.13903121e+04
   3.62541301e+03   0.00000000e+00   7.56413331e+03
   1.13903121e+04   7.56413331e+03   0.00000000e+00
   0.00000000e+00   4.00225399e+03   1.25742700e+04
   4.00225399e+03   0.00000000e+00   8.35038178e+03
   1.25742700e+04   8.35038178e+03   0.00000000e+00
   0.00000000e+00   4.36033686e+03   1.36992937e+04
   4.36033686e+03   0.00000000e+00   9.09749296e+03
   1.36992937e+04   9.09749296e+03   0.00000000e+00
   0.00000000e+00   4.69228883e+03   1.47422195e+04
   4.69228883e+03   0.00000000e+00   9.79008409e+03
   1.47422195e+04   9.79008409e+03   0.00000000e+00
   0.00000000e+00   4.99094066e+03   1.56805229e+04
   4.99094066e+03   0.00000000e+00   1.04131972e+04
   1.56805229e+04   1.04131972e+04   0.00000000e+00
   0.00000000e+00   5.24935212e+03   1.64923993e+04
   5.24935212e+03   0.00000000e+00   1.09523520e+04
   1.64923993e+04   1.09523520e+04   0.00000000e+00
   0.00000000e+00   5.46119262e+03   1.71579592e+04
   5.46119262e+03   0.00000000e+00   1.13943401e+04
   1.71579592e+04   1.13943401e+04   0.00000000e+00
   0.00000000e+00   5.62131587e+03   1.76610339e+04
   5.62131587e+03   0.00000000e+00   1.17284245e+04
   1.76610339e+04   1.17284245e+04   0.00000000e+00
   0.00000000e+00   5.72629043e+03   1.79908427e+04
   5.72629043e+03   0.00000000e+00   1.19474455e+04
   1.79908427e+04   1.19474455e+04   0.00000000e+00
   0.00000000e+00   5.77466274e+03   1.81428187e+04
   5.77466274e+03   0.00000000e+00   1.20483704e+04
   1.81428187e+04   1.20483704e+04   0.00000000e+00
   0.00000000e+00   5.76682858e+03   1.81182054e+04
   5.76682858e+03   0.00000000e+00   1.20320251e+04
   1.81182054e+04   1.20320251e+04   0.00000000e+00
   0.00000000e+00   5.70453529e+03   1.79224925e+04
   5.70453529e+03   0.00000000e+00   1.19020551e+04
   1.79224925e+04   1.19020551e+04   0.00000000e+00
   0.00000000e+00   5.59018050e+03   1.75632129e+04
   5.59018050e+03   0.00000000e+00   1.16634630e+04
   1.75632129e+04   1.16634630e+04   0.00000000e+00
   0.00000000e+00   5.42616359e+03   1.70479051e+04
   5.42616359e+03   0.00000000e+00   1.13212549e+04
   1.70479051e+04   1.13212549e+04   0.00000000e+00
   0.00000000e+00   5.21455147e+03   1.63830627e+04
   5.21455147e+03   0.00000000e+00   1.08797432e+04
   1.63830627e+04   1.08797432e+04   0.00000000e+00
   0.00000000e+00   4.95723571e+03   1.55746288e+04
   4.95723571e+03   0.00000000e+00   1.03428745e+04
   1.55746288e+04   1.03428745e+04   0.00000000e+00
   0.00000000e+00   4.65660592e+03   1.46301110e+04
   4.65660592e+03   0.00000000e+00   9.71563458e+03
   1.46301110e+04   9.71563458e+03   0.00000000e+00
   0.00000000e+00   4.31659035e+03   1.35618511e+04
   4.31659035e+03   0.00000000e+00   9.00621938e+03
   1.35618511e+04   9.00621938e+03   0.00000000e+00
   0.00000000e+00   3.94377136e+03   1.23905294e+04
   3.94377136e+03   0.00000000e+00   8.22836246e+03
   1.23905294e+04   8.22836246e+03   0.00000000e+00
   0.00000000e+00   3.54821620e+03   1.11477754e+04
   3.54821620e+03   0.00000000e+00   7.40306838e+03
   1.11477754e+04   7.40306838e+03   0.00000000e+00
   0.00000000e+00   3.14369751e+03   9.87685976e+03
   3.14369751e+03   0.00000000e+00   6.55907259e+03
   9.87685976e+03   6.55907259e+03   0.00000000e+00
   0.00000000e+00   2.74710812e+03   8.63085635e+03
   2.74710812e+03   0.00000000e+00   5.73162065e+03
   8.63085635e+03   5.73162065e+03   0.00000000e+00
   0.00000000e+00   2.37707045e+03   7.46827305e+03
   2.37707045e+03   0.00000000e+00   4.95956673e+03
   7.46827305e+03   4.95956673e+03   0.00000000e+00
   0.00000000e+00   2.05194922e+03   6.44680812e+03
   2.05194922e+03   0.00000000e+00   4.28122738e+03
   6.44680812e+03   4.28122738e+03   0.00000000e+00
   0.00000000e+00   1.78764201e+03   5.61640850e+03
   1.78764201e+03   0.00000000e+00   3.72977160e+03
   5.61640850e+03   3.72977160e+03   0.00000000e+00
   0.00000000e+00   1.59559903e+03   5.01304841e+03
   1.59559903e+03   0.00000000e+00   3.32908933e+03
   5.01304841e+03   3.32908933e+03   0.00000000e+00
   0.00000000e+00   1.48148985e+03   4.65454051e+03
   1.48148985e+03   0.00000000e+00   3.09100968e+03
   4.65454051e+03   3.09100968e+03   0.00000000e+00
   0.00000000e+00   1.44479729e+03   4.53925995e+03
   1.44479729e+03   0.00000000e+00   3.01445361e+03
   4.53925995e+03   3.01445361e+03   0.00000000e+00
   0.00000000e+00   1.47941146e+03   4.64801065e+03
   1.47941146e+03   0.00000000e+00   3.08667330e+03
   4.64801065e+03   3.08667330e+03   0.00000000e+00
   0.00000000e+00   1.57507187e+03   4.94855624e+03
   1.57507187e+03   0.00000000e+00   3.28626106e+03
   4.94855624e+03   3.28626106e+03   0.00000000e+00
   0.00000000e+00   1.71931885e+03   5.40175099e+03
   1.71931885e+03   0.00000000e+00   3.58722081e+03
   5.40175099e+03   3.58722081e+03   0.00000000e+00
   0.00000000e+00   1.89951310e+03   5.96788476e+03
   1.89951310e+03   0.00000000e+00   3.96318165e+03
   5.96788476e+03   3.96318165e+03   0.00000000e+00
   0.00000000e+00   2.10448848e+03   6.61187583e+03
   2.10448848e+03   0.00000000e+00   4.39084634e+03
   6.61187583e+03   4.39084634e+03   0.00000000e+00
   0.00000000e+00   2.32551485e+03   7.30629584e+03
   2.32551485e+03   0.00000000e+00   4.85200012e+03
   7.30629584e+03   4.85200012e+03   0.00000000e+00
   0.00000000e+00   2.55643314e+03   8.03179426e+03
   2.55643314e+03   0.00000000e+00   5.33379261e+03
   8.03179426e+03   5.33379261e+03   0.00000000e+00
   0.00000000e+00   2.79303611e+03   8.77515277e+03
   2.79303611e+03   0.00000000e+00   5.82744571e+03
   8.77515277e+03   5.82744571e+03   0.00000000e+00
   0.00000000e+00   3.03194974e+03   9.52577092e+03
   3.03194974e+03   0.00000000e+00   6.32591982e+03
   9.52577092e+03   6.32591982e+03   0.00000000e+00
   0.00000000e+00   3.26937894e+03   1.02717253e+04
   3.26937894e+03   0.00000000e+00   6.82129681e+03
   1.02717253e+04   6.82129681e+03   0.00000000e+00
   0.00000000e+00   3.50009240e+03   1.09965802e+04
   3.50009240e+03   0.00000000e+00   7.30266192e+03
   1.09965802e+04   7.30266192e+03   0.00000000e+00
   0.00000000e+00   3.71693798e+03   1.16778650e+04
   3.71693798e+03   0.00000000e+00   7.75509281e+03
   1.16778650e+04   7.75509281e+03   0.00000000e+00
   0.00000000e+00   3.91102887e+03   1.22876592e+04
   3.91102887e+03   0.00000000e+00   8.16004790e+03
   1.22876592e+04   8.16004790e+03   0.00000000e+00
   0.00000000e+00   4.07256331e+03   1.27951676e+04
   4.07256331e+03   0.00000000e+00   8.49707653e+03
   1.27951676e+04   8.49707653e+03   0.00000000e+00
   0.00000000e+00   4.19208390e+03   1.31706771e+04
   4.19208390e+03   0.00000000e+00   8.74644666e+03
   1.31706771e+04   8.74644666e+03   0.00000000e+00
   0.00000000e+00   4.26188448e+03   1.33899763e+04
   4.26188448e+03   0.00000000e+00   8.89207996e+03
   1.33899763e+04   8.89207996e+03   0.00000000e+00
   0.00000000e+00   4.27725144e+03   1.34382562e+04
   4.27725144e+03   0.00000000e+00   8.92414189e+03
   1.34382562e+04   8.92414189e+03   0.00000000e+00
   0.00000000e+00   4.23728354e+03   1.33126852e+04
   4.23728354e+03   0.00000000e+00   8.84075209e+03
   1.33126852e+04   8.84075209e+03   0.00000000e+00
   0.00000000e+00   4.14514612e+03   1.30232081e+04
   4.14514612e+03   0.00000000e+00   8.64851475e+03
   1.30232081e+04   8.64851475e+03   0.00000000e+00
   0.00000000e+00   4.00775150e+03   1.25915421e+04
   4.00775150e+03   0.00000000e+00   8.36185190e+03
   1.25915421e+04   8.36185190e+03   0.00000000e+00
   0.00000000e+00   3.83498078e+03   1.20487315e+04
   3.83498078e+03   0.00000000e+00   8.00137964e+03
   1.20487315e+04   8.00137964e+03   0.00000000e+00
   0.00000000e+00   3.63864398e+03   1.14318811e+04
   3.63864398e+03   0.00000000e+00   7.59173868e+03
   1.14318811e+04   7.59173868e+03   0.00000000e+00
   0.00000000e+00   3.43140104e+03   1.07807659e+04
   3.43140104e+03   0.00000000e+00   7.15934292e+03
   1.07807659e+04   7.15934292e+03   0.00000000e+00
   0.00000000e+00   3.22583403e+03   1.01349160e+04
   3.22583403e+03   0.00000000e+00   6.73044383e+03
   1.01349160e+04   6.73044383e+03   0.00000000e+00
   0.00000000e+00   3.03378824e+03   9.53154713e+03
   3.03378824e+03   0.00000000e+00   6.32975572e+03
   9.53154713e+03   6.32975572e+03   0.00000000e+00
   0.00000000e+00   2.86600844e+03   9.00441703e+03
   2.86600844e+03   0.00000000e+00   5.97969662e+03
   9.00441703e+03   5.97969662e+03   0.00000000e+00
   0.00000000e+00   2.73201399e+03   8.58343364e+03
   2.73201399e+03   0.00000000e+00   5.70012795e+03
   8.58343364e+03   5.70012795e+03   0.00000000e+00
   0.00000000e+00   2.64010386e+03   8.29467067e+03
   2.64010386e+03   0.00000000e+00   5.50836484e+03
   8.29467067e+03   5.50836484e+03   0.00000000e+00
   0.00000000e+00   2.59736971e+03   8.16040863e+03
   2.59736971e+03   0.00000000e+00   5.41920346e+03
   8.16040863e+03   5.41920346e+03   0.00000000e+00
   0.00000000e+00   2.60962168e+03   8.19890183e+03
   2.60962168e+03   0.00000000e+00   5.44476621e+03
   8.19890183e+03   5.44476621e+03   0.00000000e+00
   0.00000000e+00   2.68118499e+03   8.42373925e+03
   2.68118499e+03   0.00000000e+00   5.59407732e+03
   8.42373925e+03   5.59407732e+03   0.00000000e+00
   0.00000000e+00   2.81458728e+03   8.84286218e+03
   2.81458728e+03   0.00000000e+00   5.87241050e+03
   8.84286218e+03   5.87241050e+03   0.00000000e+00
   0.00000000e+00   3.01020799e+03   9.45746274e+03
   3.01020799e+03   0.00000000e+00   6.28055740e+03
   9.45746274e+03   6.28055740e+03   0.00000000e+00
   0.00000000e+00   3.26598744e+03   1.02610699e+04
   3.26598744e+03   0.00000000e+00   6.81422071e+03
   1.02610699e+04   6.81422071e+03   0.00000000e+00
   0.00000000e+00   3.57728842e+03   1.12391144e+04
   3.57728842e+03   0.00000000e+00   7.46372522e+03
   1.12391144e+04   7.46372522e+03   0.00000000e+00
   0.00000000e+00   3.93696994e+03   1.23691608e+04
   3.93696994e+03   0.00000000e+00   8.21417185e+03
   1.23691608e+04   8.21417185e+03   0.00000000e+00
   0.00000000e+00   4.33568337e+03   1.36218375e+04
   4.33568337e+03   0.00000000e+00   9.04605543e+03
   1.36218375e+04   9.04605543e+03   0.00000000e+00
   0.00000000e+00   4.76234931e+03   1.49623353e+04
   4.76234931e+03   0.00000000e+00   9.93625967e+03
   1.49623353e+04   9.93625967e+03   0.00000000e+00
   0.00000000e+00   5.20473556e+03   1.63522231e+04
   5.20473556e+03   0.00000000e+00   1.08592631e+04
   1.63522231e+04   1.08592631e+04   0.00000000e+00
   0.00000000e+00   5.65004150e+03   1.77512840e+04
   5.65004150e+03   0.00000000e+00   1.17883582e+04
   1.77512840e+04   1.17883582e+04   0.00000000e+00
   0.00000000e+00   6.08540584e+03   1.91191105e+04
   6.08540584e+03   0.00000000e+00   1.26967110e+04
   1.91191105e+04   1.26967110e+04   0.00000000e+00
   0.00000000e+00   6.49828765e+03   2.04163014e+04
   6.49828765e+03   0.00000000e+00   1.35581557e+04
   2.04163014e+04   1.35581557e+04   0.00000000e+00
   0.00000000e+00   6.87671460e+03   2.16052420e+04
   6.87671460e+03   0.00000000e+00   1.43477132e+04
   2.16052420e+04   1.43477132e+04   0.00000000e+00
   0.00000000e+00   7.20943337e+03   2.26505769e+04
   7.20943337e+03   0.00000000e+00   1.50419042e+04
   2.26505769e+04   1.50419042e+04   0.00000000e+00
   0.00000000e+00   7.48602429e+03   2.35195695e+04
   7.48602429e+03   0.00000000e+00   1.56189890e+04
   2.35195695e+04   1.56189890e+04   0.00000000e+00
   0.00000000e+00   7.69704729e+03   2.41825609e+04
   7.69704729e+03   0.00000000e+00   1.60592715e+04
   2.41825609e+04   1.60592715e+04   0.00000000e+00
   0.00000000e+00   7.83427002e+03   2.46136869e+04
   7.83427002e+03   0.00000000e+00   1.63455757e+04
   2.46136869e+04   1.63455757e+04   0.00000000e+00
   0.00000000e+00   7.89099568e+03   2.47919074e+04
   7.89099568e+03   0.00000000e+00   1.64639293e+04
   2.47919074e+04   1.64639293e+04   0.00000000e+00
   0.00000000e+00   7.86246902e+03   2.47022824e+04
   7.86246902e+03   0.00000000e+00   1.64044107e+04
   2.47022824e+04   1.64044107e+04   0.00000000e+00
   0.00000000e+00   7.74630470e+03   2.43373177e+04
   7.74630470e+03   0.00000000e+00   1.61620431e+04
   2.43373177e+04   1.61620431e+04   0.00000000e+00
   0.00000000e+00   7.54286198e+03   2.36981419e+04
   7.54286198e+03   0.00000000e+00   1.57375762e+04
   2.36981419e+04   1.57375762e+04   0.00000000e+00
   0.00000000e+00   7.25548896e+03   2.27952742e+04
   7.25548896e+03   0.00000000e+00   1.51379955e+04
   2.27952742e+04   1.51379955e+04   0.00000000e+00
   0.00000000e+00   6.89057774e+03   2.16487972e+04
   6.89057774e+03   0.00000000e+00   1.43766375e+04
   2.16487972e+04   1.43766375e+04   0.00000000e+00
   0.00000000e+00   6.45740375e+03   2.02878524e+04
   6.45740375e+03   0.00000000e+00   1.34728547e+04
   2.02878524e+04   1.34728547e+04   0.00000000e+00
   0.00000000e+00   5.96775990e+03   1.87494908e+04
   5.96775990e+03   0.00000000e+00   1.24512521e+04
   1.87494908e+04   1.24512521e+04   0.00000000e+00
   0.00000000e+00   5.43542984e+03   1.70770177e+04
   5.43542984e+03   0.00000000e+00   1.13405882e+04
   1.70770177e+04   1.13405882e+04   0.00000000e+00
   0.00000000e+00   4.87556669e+03   1.53180413e+04
   4.87556669e+03   0.00000000e+00   1.01724786e+04
   1.53180413e+04   1.01724786e+04   0.00000000e+00
   0.00000000e+00   4.30405027e+03   1.35224527e+04
   4.30405027e+03   0.00000000e+00   8.98005551e+03
   1.35224527e+04   8.98005551e+03   0.00000000e+00
   0.00000000e+00   3.73688633e+03   1.17405387e+04
   3.73688633e+03   0.00000000e+00   7.79671346e+03
   1.17405387e+04   7.79671346e+03   0.00000000e+00
   0.00000000e+00   3.18969016e+03   1.00213593e+04
   3.18969016e+03   0.00000000e+00   6.65503255e+03
   1.00213593e+04   6.65503255e+03   0.00000000e+00
