   0.00000000e+00   2.85846023e-03   3.67392358e-03
  -2.85846023e-03   0.00000000e+00   4.12888700e-03
  -3.67392358e-03  -4.12888700e-03   0.00000000e+00
   0.00000000e+00   5.71692046e-03   7.34784716e-03
  -5.71692046e-03   0.00000000e+00   8.25777399e-03
  -7.34784716e-03  -8.25777399e-03   0.00000000e+00
   0.00000000e+00   8.14859085e-03   1.04732260e-02
  -8.14859085e-03   0.00000000e+00   1.17701868e-02
  -1.04732260e-02  -1.17701868e-02   0.00000000e+00
   0.00000000e+00   1.05323701e-02   1.35370513e-02
  -1.05323701e-02   0.00000000e+00   1.52134234e-02
  -1.35370513e-02  -1.52134234e-02   0.00000000e+00
   0.00000000e+00   1.41119644e-02   1.81378346e-02
  -1.41119644e-02   0.00000000e+00   2.03839486e-02
  -1.81378346e-02  -2.03839486e-02   0.00000000e+00
   0.00000000e+00   2.10272650e-02   2.70259365e-02
  -2.10272650e-02   0.00000000e+00   3.03727162e-02
  -2.70259365e-02  -3.03727162e-02   0.00000000e+00
   0.00000000e+00   3.42724231e-02   4.40496817e-02
  -3.42724231e-02   0.00000000e+00   4.95046112e-02
  -4.40496817e-02  -4.95046112e-02   0.00000000e+00
   0.00000000e+00   5.75354836e-02   7.39492430e-02
  -5.75354836e-02   0.00000000e+00   8.31068097e-02
  -7.39492430e-02  -8.31068097e-02   0.00000000e+00
   0.00000000e+00   9.48923336e-02   1.21963279e-01
  -9.48923336e-02   0.00000000e+00   1.37066704e-01
  -1.21963279e-01  -1.37066704e-01   0.00000000e+00
   0.00000000e+00   1.50359742e-01   1.93254465e-01
  -1.50359742e-01   0.00000000e+00   2.17186294e-01
  -1.93254465e-01  -2.17186294e-01   0.00000000e+00
   0.00000000e+00   2.27350072e-01   2.92208645e-01
  -2.27350072e-01   0.00000000e+00   3.28394549e-01
  -2.92208645e-01  -3.28394549e-01   0.00000000e+00
   0.00000000e+00   3.28102740e-01   4.21704098e-01
  -3.28102740e-01   0.00000000e+00   4.73926180e-01
  -4.21704098e-01  -4.73926180e-01   0.00000000e+00
   0.00000000e+00   4.53184095e-01   5.82468741e-01
  -4.53184095e-01   0.00000000e+00   6.54599248e-01
  -5.82468741e-01  -6.54599248e-01   0.00000000e+00
   0.00000000e+00   6.01141488e-01   7.72635513e-01
  -6.01141488e-01   0.00000000e+00   8.68315482e-01
  -7.72635513e-01  -8.68315482e-01   0.00000000e+00
   0.00000000e+00   7.68368684e-01   9.87569390e-01
  -7.68368684e-01   0.00000000e+00   1.10986588e+00
  -9.87569390e-01  -1.10986588e+00   0.00000000e+00
   0.00000000e+00   9.49195213e-01   1.21998223e+00
  -9.49195213e-01   0.00000000e+00   1.37105975e+00
  -1.21998223e+00  -1.37105975e+00   0.00000000e+00
   0.00000000e+00   1.13616415e+00   1.46028978e+00
  -1.13616415e+00   0.00000000e+00   1.64112599e+00
  -1.46028978e+00  -1.64112599e+00   0.00000000e+00
   0.00000000e+00   1.32042530e+00   1.69711707e+00
  -1.32042530e+00   0.00000000e+00   1.90728099e+00
  -1.69711707e+00  -1.90728099e+00   0.00000000e+00
   0.00000000e+00   1.49215560e+00   1.91783869e+00
  -1.49215560e+00   0.00000000e+00   2.15533586e+00
  -1.91783869e+00  -2.15533586e+00   0.00000000e+00
   0.00000000e+00   1.64093076e+00   2.10905652e+00
  -1.64093076e+00   0.00000000e+00   2.37023331e+00
  -2.10905652e+00  -2.37023331e+00   0.00000000e+00
   0.00000000e+00   1.75600830e+00   2.25696346e+00
  -1.75600830e+00   0.00000000e+00   2.53645643e+00
  -2.25696346e+00  -2.53645643e+00   0.00000000e+00
   0.00000000e+00   1.82653032e+00   2.34760406e+00
  -1.82653032e+00   0.00000000e+00   2.63832158e+00
  -2.34760406e+00  -2.63832158e+00   0.00000000e+00
   0.00000000e+00   1.84169825e+00   2.36709909e+00
  -1.84169825e+00   0.00000000e+00   2.66023080e+00
  -2.36709909e+00  -2.66023080e+00   0.00000000e+00
   0.00000000e+00   1.79099575e+00   2.30193216e+00
  -1.79099575e+00   0.00000000e+00   2.58699386e+00
  -2.30193216e+00  -2.58699386e+00   0.00000000e+00
   0.00000000e+00   1.66453021e+00   2.13938845e+00
  -1.66453021e+00   0.00000000e+00   2.40432142e+00
  -2.13938845e+00  -2.40432142e+00   0.00000000e+00
   0.00000000e+00   1.45352685e+00   1.86818992e+00
  -1.45352685e+00   0.00000000e+00   2.09953879e+00
  -1.86818992e+00  -2.09953879e+00   0.00000000e+00
   0.00000000e+00   1.15095422e+00   1.47929917e+00
  -1.15095422e+00   0.00000000e+00   1.66248942e+00
  -1.47929917e+00  -1.66248942e+00   0.00000000e+00
   0.00000000e+00   7.52201926e-01   9.66790570e-01
  -7.52201926e-01   0.00000000e+00   1.08651389e+00
  -9.66790570e-01  -1.08651389e+00   0.00000000e+00
   0.00000000e+00   2.55692572e-01   3.28636712e-01
  -2.55692572e-01   0.00000000e+00   3.69333716e-01
  -3.28636712e-01  -3.69333716e-01   0.00000000e+00
  -0.00000000e+00  -3.36695703e-01  -4.32748467e-01
   3.36695703e-01  -0.00000000e+00  -4.86338237e-01
   4.32748467e-01   4.86338237e-01  -0.00000000e+00
  -0.00000000e+00  -1.01948484e+00  -1.31032412e+00
   1.01948484e+00  -0.00000000e+00  -1.47258922e+00
   1.31032412e+00   1.47258922e+00  -0.00000000e+00
  -0.00000000e+00  -1.78375323e+00  -2.29262348e+00
   1.78375323e+00  -0.00000000e+00  -2.57653244e+00
   2.29262348e+00   2.57653244e+00  -0.00000000e+00
  -0.00000000e+00  -2.61753601e+00  -3.36426835e+00
   2.61753601e+00  -0.00000000e+00  -3.78088535e+00
   3.36426835e+00   3.78088535e+00  -0.00000000e+00
  -0.00000000e+00  -3.50634655e+00  -4.50663932e+00
   3.50634655e+00  -0.00000000e+00  -5.06472279e+00
   4.50663932e+00   5.06472279e+00  -0.00000000e+00
  -0.00000000e+00  -4.43366762e+00  -5.69850714e+00
   4.43366762e+00  -0.00000000e+00  -6.40418656e+00
   5.69850714e+00   6.40418656e+00  -0.00000000e+00
  -0.00000000e+00  -5.38128450e+00  -6.91646076e+00
   5.38128450e+00  -0.00000000e+00  -7.77296651e+00
   6.91646076e+00   7.77296651e+00  -0.00000000e+00
  -0.00000000e+00  -6.32940571e+00  -8.13506259e+00
   6.32940571e+00  -0.00000000e+00  -9.14247491e+00
   8.13506259e+00   9.14247491e+00  -0.00000000e+00
  -0.00000000e+00  -7.25662215e+00  -9.32679592e+00
   7.25662215e+00  -0.00000000e+00  -1.04817875e+01
   9.32679592e+00   1.04817875e+01  -0.00000000e+00
  -0.00000000e+00  -8.13985872e+00  -1.04620028e+01
   8.13985872e+00  -0.00000000e+00  -1.17575737e+01
   1.04620028e+01   1.17575737e+01  -0.00000000e+00
  -0.00000000e+00  -8.95453740e+00  -1.15090935e+01
   8.95453740e+00  -0.00000000e+00  -1.29343318e+01
   1.15090935e+01   1.29343318e+01  -0.00000000e+00
  -0.00000000e+00  -9.67516843e+00  -1.24353066e+01
   9.67516843e+00  -0.00000000e+00  -1.39752433e+01
   1.24353066e+01   1.39752433e+01  -0.00000000e+00
  -0.00000000e+00  -1.02765048e+01  -1.32081927e+01
   1.02765048e+01  -0.00000000e+00  -1.48438403e+01
   1.32081927e+01   1.48438403e+01  -0.00000000e+00
  -0.00000000e+00  -1.07352489e+01  -1.37978075e+01
   1.07352489e+01  -0.00000000e+00  -1.55064706e+01
   1.37978075e+01   1.55064706e+01  -0.00000000e+00
  -0.00000000e+00  -1.10321225e+01  -1.41793734e+01
   1.10321225e+01  -0.00000000e+00  -1.59352881e+01
   1.41793734e+01   1.59352881e+01  -0.00000000e+00
  -0.00000000e+00  -1.11539595e+01  -1.43359682e+01
   1.11539595e+01  -0.00000000e+00  -1.61112749e+01
   1.43359682e+01   1.61112749e+01  -0.00000000e+00
  -0.00000000e+00  -1.10953944e+01  -1.42606955e+01
   1.10953944e+01  -0.00000000e+00  -1.60266808e+01
   1.42606955e+01   1.60266808e+01  -0.00000000e+00
  -0.00000000e+00  -1.08597499e+01  -1.39578262e+01
   1.08597499e+01  -0.00000000e+00  -1.56863054e+01
   1.39578262e+01   1.56863054e+01  -0.00000000e+00
  -0.00000000e+00  -1.04588666e+01  -1.34425787e+01
   1.04588666e+01  -0.00000000e+00  -1.51072517e+01
   1.34425787e+01   1.51072517e+01  -0.00000000e+00
  -0.00000000e+00  -9.91184719e+00  -1.27395052e+01
   9.91184719e+00  -0.00000000e+00  -1.43171126e+01
   1.27395052e+01   1.43171126e+01  -0.00000000e+00
  -0.00000000e+00  -9.24294914e+00  -1.18797835e+01
   9.24294914e+00  -0.00000000e+00  -1.33509265e+01
   1.18797835e+01   1.33509265e+01  -0.00000000e+00
  -0.00000000e+00  -8.47907455e+00  -1.08979903e+01
   8.47907455e+00  -0.00000000e+00  -1.22475521e+01
   1.08979903e+01   1.22475521e+01  -0.00000000e+00
  -0.00000000e+00  -7.64741121e+00  -9.82906954e+00
   7.64741121e+00  -0.00000000e+00  -1.10462606e+01
   9.82906954e+00   1.10462606e+01  -0.00000000e+00
  -0.00000000e+00  -6.77372981e+00  -8.70614375e+00
   6.77372981e+00  -0.00000000e+00  -9.78427639e+00
   8.70614375e+00   9.78427639e+00  -0.00000000e+00
  -0.00000000e+00  -5.88164301e+00  -7.55956187e+00
   5.88164301e+00  -0.00000000e+00  -8.49570658e+00
   7.55956187e+00   8.49570658e+00  -0.00000000e+00
  -0.00000000e+00  -4.99283253e+00  -6.41719097e+00
   4.99283253e+00  -0.00000000e+00  -7.21186921e+00
   6.41719097e+00   7.21186921e+00  -0.00000000e+00
  -0.00000000e+00  -4.12793526e+00  -5.30555525e+00
   4.12793526e+00  -0.00000000e+00  -5.96257315e+00
   5.30555525e+00   5.96257315e+00  -0.00000000e+00
  -0.00000000e+00  -3.30754789e+00  -4.25112725e+00
   3.30754789e+00  -0.00000000e+00  -4.77756917e+00
   4.25112725e+00   4.77756917e+00  -0.00000000e+00
  -0.00000000e+00  -2.55273998e+00  -3.28098726e+00
   2.55273998e+00  -0.00000000e+00  -3.68729108e+00
   3.28098726e+00   3.68729108e+00  -0.00000000e+00
  -0.00000000e+00  -1.88459495e+00  -2.42223339e+00
   1.88459495e+00  -0.00000000e+00  -2.72219270e+00
   2.42223339e+00   2.72219270e+00  -0.00000000e+00
  -0.00000000e+00  -1.32260173e+00  -1.69991439e+00
   1.32260173e+00  -0.00000000e+00  -1.91042472e+00
   1.69991439e+00   1.91042472e+00  -0.00000000e+00
  -0.00000000e+00  -8.82117114e-01  -1.13376805e+00
   8.82117114e-01  -0.00000000e+00  -1.27416917e+00
   1.13376805e+00   1.27416917e+00  -0.00000000e+00
  -0.00000000e+00  -5.71490456e-01  -7.34525617e-01
   5.71490456e-01  -0.00000000e+00  -8.25486215e-01
   7.34525617e-01   8.25486215e-01  -0.00000000e+00
  -0.00000000e+00  -3.89668646e-01  -5.00833564e-01
   3.89668646e-01  -0.00000000e+00  -5.62854710e-01
   5.00833564e-01   5.62854710e-01  -0.00000000e+00
  -0.00000000e+00  -3.25090519e-01  -4.17832549e-01
   3.25090519e-01  -0.00000000e+00  -4.69575194e-01
   4.17832549e-01   4.69575194e-01  -0.00000000e+00
  -0.00000000e+00  -3.56413096e-01  -4.58090851e-01
   3.56413096e-01  -0.00000000e+00  -5.14818917e-01
   4.58090851e-01   5.14818917e-01  -0.00000000e+00
  -0.00000000e+00  -4.55139736e-01  -5.84982289e-01
   4.55139736e-01  -0.00000000e+00  -6.57424064e-01
   5.84982289e-01   6.57424064e-01  -0.00000000e+00
  -0.00000000e+00  -5.89665116e-01  -7.57885155e-01
   5.89665116e-01  -0.00000000e+00  -8.51738501e-01
   7.57885155e-01   8.51738501e-01  -0.00000000e+00
  -0.00000000e+00  -7.29775303e-01  -9.37966064e-01
   7.29775303e-01  -0.00000000e+00  -1.05411988e+00
   9.37966064e-01   1.05411988e+00  -0.00000000e+00
  -0.00000000e+00  -8.50398758e-01  -1.09300106e+00
   8.50398758e-01  -0.00000000e+00  -1.22835376e+00
   1.09300106e+00   1.22835376e+00  -0.00000000e+00
  -0.00000000e+00  -9.33497877e-01  -1.19980674e+00
   9.33497877e-01  -0.00000000e+00  -1.34838582e+00
   1.19980674e+00   1.34838582e+00  -0.00000000e+00
  -0.00000000e+00  -9.67432346e-01  -1.24342206e+00
   9.67432346e-01  -0.00000000e+00  -1.39740228e+00
   1.24342206e+00   1.39740228e+00  -0.00000000e+00
  -0.00000000e+00  -9.43823792e-01  -1.21307844e+00
   9.43823792e-01  -0.00000000e+00  -1.36330103e+00
   1.21307844e+00   1.36330103e+00  -0.00000000e+00
  -0.00000000e+00  -8.52727535e-01  -1.09599419e+00
   8.52727535e-01  -0.00000000e+00  -1.23171755e+00
   1.09599419e+00   1.23171755e+00  -0.00000000e+00
  -0.00000000e+00  -6.77550067e-01  -8.70841981e-01
   6.77550067e-01  -0.00000000e+00  -9.78683430e-01
   8.70841981e-01   9.78683430e-01  -0.00000000e+00
  -0.00000000e+00  -3.91435448e-01  -5.03104402e-01
   3.91435448e-01  -0.00000000e+00  -5.65406759e-01
   5.03104402e-01   5.65406759e-01  -0.00000000e+00
   0.00000000e+00   4.33452441e-02   5.57108028e-02
  -4.33452441e-02   0.00000000e+00   6.26097970e-02
  -5.57108028e-02  -6.26097970e-02   0.00000000e+00
   0.00000000e+00   6.72130646e-01   8.63876503e-01
  -6.72130646e-01   0.00000000e+00   9.70855377e-01
  -8.63876503e-01  -9.70855377e-01   0.00000000e+00
   0.00000000e+00   1.54086126e+00   1.98043914e+00
  -1.54086126e+00   0.00000000e+00   2.22568849e+00
  -1.98043914e+00  -2.22568849e+00   0.00000000e+00
   0.00000000e+00   2.68654355e+00   3.45296241e+00
  -2.68654355e+00   0.00000000e+00   3.88056291e+00
  -3.45296241e+00  -3.88056291e+00   0.00000000e+00
   0.00000000e+00   4.12727725e+00   5.30470953e+00
  -4.12727725e+00   0.00000000e+00   5.96162270e+00
  -5.30470953e+00  -5.96162270e+00   0.00000000e+00
   0.00000000e+00   5.85433111e+00   7.52445841e+00
  -5.85433111e+00   0.00000000e+00   8.45625605e+00
  -7.52445841e+00  -8.45625605e+00   0.00000000e+00
   0.00000000e+00   7.82850709e+00   1.00618286e+01
  -7.82850709e+00   0.00000000e+00   1.13078436e+01
  -1.00618286e+01  -1.13078436e+01   0.00000000e+00
   0.00000000e+00   9.98215550e+00   1.28298712e+01
  -9.98215550e+00   0.00000000e+00   1.44186690e+01
  -1.28298712e+01  -1.44186690e+01   0.00000000e+00
   0.00000000e+00   1.22268801e+01   1.57149722e+01
  -1.22268801e+01   0.00000000e+00   1.76610490e+01
  -1.57149722e+01  -1.76610490e+01   0.00000000e+00
   0.00000000e+00   1.44655324e+01   1.85922687e+01
  -1.44655324e+01   0.00000000e+00   2.08946580e+01
  -1.85922687e+01  -2.08946580e+01   0.00000000e+00
   0.00000000e+00   1.66059299e+01   2.13432801e+01
  -1.66059299e+01   0.00000000e+00   2.39863432e+01
  -2.13432801e+01  -2.39863432e+01   0.00000000e+00
   0.00000000e+00   1.85731833e+01   2.38717529e+01
  -1.85731833e+01   0.00000000e+00   2.68279315e+01
  -2.38717529e+01  -2.68279315e+01   0.00000000e+00
   0.00000000e+00   2.03177771e+01   2.61140455e+01
  -2.03177771e+01   0.00000000e+00   2.93479003e+01
  -2.61140455e+01  -2.93479003e+01   0.00000000e+00
   0.00000000e+00   2.18175701e+01   2.80417004e+01
  -2.18175701e+01   0.00000000e+00   3.15142680e+01
  -2.80417004e+01  -3.15142680e+01   0.00000000e+00
   0.00000000e+00   2.30734299e+01   2.96558326e+01
  -2.30734299e+01   0.00000000e+00   3.33282876e+01
  -2.96558326e+01  -3.33282876e+01   0.00000000e+00
   0.00000000e+00   2.40998620e+01   3.09750860e+01
  -2.40998620e+01   0.00000000e+00   3.48109118e+01
  -3.09750860e+01  -3.48109118e+01   0.00000000e+00
   0.00000000e+00   2.49133038e+01   3.20205869e+01
  -2.49133038e+01   0.00000000e+00   3.59858832e+01
  -3.20205869e+01  -3.59858832e+01   0.00000000e+00
   0.00000000e+00   2.55213422e+01   3.28020870e+01
  -2.55213422e+01   0.00000000e+00   3.68641610e+01
  -3.28020870e+01  -3.68641610e+01   0.00000000e+00
   0.00000000e+00   2.59158229e+01   3.33091053e+01
  -2.59158229e+01   0.00000000e+00   3.74339664e+01
  -3.33091053e+01  -3.74339664e+01   0.00000000e+00
   0.00000000e+00   2.60716931e+01   3.35094423e+01
  -2.60716931e+01   0.00000000e+00   3.76591123e+01
  -3.35094423e+01  -3.76591123e+01   0.00000000e+00
   0.00000000e+00   2.59517935e+01   3.33553376e+01
  -2.59517935e+01   0.00000000e+00   3.74859239e+01
  -3.33553376e+01  -3.74859239e+01   0.00000000e+00
   0.00000000e+00   2.55161208e+01   3.27953759e+01
  -2.55161208e+01   0.00000000e+00   3.68566189e+01
  -3.27953759e+01  -3.68566189e+01   0.00000000e+00
   0.00000000e+00   2.47328288e+01   3.17886259e+01
  -2.47328288e+01   0.00000000e+00   3.57251972e+01
  -3.17886259e+01  -3.57251972e+01   0.00000000e+00
   0.00000000e+00   2.35877778e+01   3.03169140e+01
  -2.35877778e+01   0.00000000e+00   3.40712346e+01
  -3.03169140e+01  -3.40712346e+01   0.00000000e+00
   0.00000000e+00   2.20899306e+01   2.83917601e+01
  -2.20899306e+01   0.00000000e+00   3.19076776e+01
  -2.83917601e+01  -3.19076776e+01   0.00000000e+00
   0.00000000e+00   2.02711970e+01   2.60541769e+01
  -2.02711970e+01   0.00000000e+00   2.92806179e+01
  -2.60541769e+01  -2.92806179e+01   0.00000000e+00
   0.00000000e+00   1.81810612e+01   2.33677659e+01
  -1.81810612e+01   0.00000000e+00   2.62615329e+01
  -2.33677659e+01  -2.62615329e+01   0.00000000e+00
   0.00000000e+00   1.58779859e+01   2.04076678e+01
  -1.58779859e+01   0.00000000e+00   2.29348686e+01
  -2.04076678e+01  -2.29348686e+01   0.00000000e+00
   0.00000000e+00   1.34206271e+01   1.72492722e+01
  -1.34206271e+01   0.00000000e+00   1.93853503e+01
  -1.72492722e+01  -1.93853503e+01   0.00000000e+00
   0.00000000e+00   1.08619813e+01   1.39606942e+01
  -1.08619813e+01   0.00000000e+00   1.56895285e+01
  -1.39606942e+01  -1.56895285e+01   0.00000000e+00
   0.00000000e+00   8.24862013e+00   1.06017917e+01
  -8.24862013e+00   0.00000000e+00   1.19146735e+01
  -1.06017917e+01  -1.19146735e+01   0.00000000e+00
   0.00000000e+00   5.62539975e+00   7.23021736e+00
  -5.62539975e+00   0.00000000e+00   8.12557742e+00
  -7.23021736e+00  -8.12557742e+00   0.00000000e+00
   0.00000000e+00   3.04397074e+00   3.91235665e+00
  -3.04397074e+00   0.00000000e+00   4.39684663e+00
  -3.91235665e+00  -4.39684663e+00   0.00000000e+00
   0.00000000e+00   5.71709049e-01   7.34806569e-01
  -5.71709049e-01   0.00000000e+00   8.25801959e-01
  -7.34806569e-01  -8.25801959e-01   0.00000000e+00
  -0.00000000e+00  -1.70307127e+00  -2.18892453e+00
   1.70307127e+00  -0.00000000e+00  -2.45999184e+00
   2.18892453e+00   2.45999184e+00  -0.00000000e+00
  -0.00000000e+00  -3.67322263e+00  -4.72112191e+00
   3.67322263e+00  -0.00000000e+00  -5.30576602e+00
   4.72112191e+00   5.30576602e+00  -0.00000000e+00
  -0.00000000e+00  -5.22396508e+00  -6.71426115e+00
   5.22396508e+00  -0.00000000e+00  -7.54572733e+00
   6.71426115e+00   7.54572733e+00  -0.00000000e+00
  -0.00000000e+00  -6.25227663e+00  -8.03593007e+00
   6.25227663e+00  -0.00000000e+00  -9.03106624e+00
   8.03593007e+00   9.03106624e+00  -0.00000000e+00
  -0.00000000e+00  -6.69073121e+00  -8.59946726e+00
   6.69073121e+00  -0.00000000e+00  -9.66438953e+00
   8.59946726e+00   9.66438953e+00  -0.00000000e+00
  -0.00000000e+00  -6.52990114e+00  -8.39275549e+00
   6.52990114e+00  -0.00000000e+00  -9.43207943e+00
   8.39275549e+00   9.43207943e+00  -0.00000000e+00
  -0.00000000e+00  -5.83271799e+00  -7.49667949e+00
   5.83271799e+00  -0.00000000e+00  -8.42503710e+00
   7.49667949e+00   8.42503710e+00  -0.00000000e+00
  -0.00000000e+00  -4.73527939e+00  -6.08616291e+00
   4.73527939e+00  -0.00000000e+00  -6.83984801e+00
   6.08616291e+00   6.83984801e+00  -0.00000000e+00
  -0.00000000e+00  -3.43141707e+00  -4.41033392e+00
   3.43141707e+00  -0.00000000e+00  -4.95649133e+00
   4.41033392e+00   4.95649133e+00  -0.00000000e+00
  -0.00000000e+00  -2.14230993e+00  -2.75346947e+00
   2.14230993e+00  -0.00000000e+00  -3.09444768e+00
   2.75346947e+00   3.09444768e+00  -0.00000000e+00
  -0.00000000e+00  -1.07654181e+00  -1.38365834e+00
   1.07654181e+00  -0.00000000e+00  -1.55500484e+00
   1.38365834e+00   1.55500484e+00  -0.00000000e+00
  -0.00000000e+00  -3.89127205e-01  -5.00137661e-01
   3.89127205e-01  -0.00000000e+00  -5.62072629e-01
   5.00137661e-01   5.62072629e-01  -0.00000000e+00
  -0.00000000e+00  -1.49203015e-01  -1.91767746e-01
   1.49203015e-01  -0.00000000e+00  -2.15515466e-01
   1.91767746e-01   2.15515466e-01  -0.00000000e+00
  -0.00000000e+00  -3.24834540e-01  -4.17503544e-01
   3.24834540e-01  -0.00000000e+00  -4.69205447e-01
   4.17503544e-01   4.69205447e-01  -0.00000000e+00
  -0.00000000e+00  -7.89868074e-01  -1.01520214e+00
   7.89868074e-01  -0.00000000e+00  -1.14092055e+00
   1.01520214e+00   1.14092055e+00  -0.00000000e+00
  -0.00000000e+00  -1.35274825e+00  -1.73866113e+00
   1.35274825e+00  -0.00000000e+00  -1.95396969e+00
   1.73866113e+00   1.95396969e+00  -0.00000000e+00
  -0.00000000e+00  -1.80189346e+00  -2.31593877e+00
   1.80189346e+00  -0.00000000e+00  -2.60273500e+00
   2.31593877e+00   2.60273500e+00  -0.00000000e+00
  -0.00000000e+00  -1.95791170e+00  -2.51646600e+00
   1.95791170e+00  -0.00000000e+00  -2.82809468e+00
   2.51646600e+00   2.82809468e+00  -0.00000000e+00
  -0.00000000e+00  -1.72077988e+00  -2.21168505e+00
   1.72077988e+00  -0.00000000e+00  -2.48557093e+00
   2.21168505e+00   2.48557093e+00  -0.00000000e+00
  -0.00000000e+00  -1.10075121e+00  -1.41477421e+00
   1.10075121e+00  -0.00000000e+00  -1.58997397e+00
   1.41477421e+00   1.58997397e+00  -0.00000000e+00
  -0.00000000e+00  -2.25153668e-01  -2.89385650e-01
   2.25153668e-01  -0.00000000e+00  -3.25221965e-01
   2.89385650e-01   3.25221965e-01  -0.00000000e+00
   0.00000000e+00   6.81371525e-01   8.75753626e-01
  -6.81371525e-01   0.00000000e+00   9.84203313e-01
  -8.75753626e-01  -9.84203313e-01   0.00000000e+00
   0.00000000e+00   1.33957151e+00   1.72172532e+00
  -1.33957151e+00   0.00000000e+00   1.93493663e+00
  -1.72172532e+00  -1.93493663e+00   0.00000000e+00
   0.00000000e+00   1.47232828e+00   1.89235503e+00
  -1.47232828e+00   0.00000000e+00   2.12669640e+00
  -1.89235503e+00  -2.12669640e+00   0.00000000e+00
   0.00000000e+00   8.63326889e-01   1.10961733e+00
  -8.63326889e-01   0.00000000e+00   1.24702773e+00
  -1.10961733e+00  -1.24702773e+00   0.00000000e+00
  -0.00000000e+00  -5.94935942e-01  -7.64659645e-01
   5.94935942e-01  -0.00000000e+00  -8.59351916e-01
   7.64659645e-01   8.59351916e-01  -0.00000000e+00
  -0.00000000e+00  -2.87401374e+00  -3.69391420e+00
   2.87401374e+00  -0.00000000e+00  -4.15135317e+00
   3.69391420e+00   4.15135317e+00  -0.00000000e+00
  -0.00000000e+00  -5.80883504e+00  -7.46598318e+00
   5.80883504e+00  -0.00000000e+00  -8.39053950e+00
   7.46598318e+00   8.39053950e+00  -0.00000000e+00
  -0.00000000e+00  -9.12330011e+00  -1.17260010e+01
   9.12330011e+00  -0.00000000e+00  -1.31781002e+01
   1.17260010e+01   1.31781002e+01  -0.00000000e+00
  -0.00000000e+00  -1.24763593e+01  -1.60356231e+01
   1.24763593e+01  -0.00000000e+00  -1.80214079e+01
   1.60356231e+01   1.80214079e+01  -0.00000000e+00
  -0.00000000e+00  -1.55186646e+01  -1.99458390e+01
   1.55186646e+01  -0.00000000e+00  -2.24158488e+01
   1.99458390e+01   2.24158488e+01  -0.00000000e+00
  -0.00000000e+00  -1.79481569e+01  -2.30684186e+01
   1.79481569e+01  -0.00000000e+00  -2.59251156e+01
   2.30684186e+01   2.59251156e+01  -0.00000000e+00
  -0.00000000e+00  -1.95538974e+01  -2.51322457e+01
   1.95538974e+01  -0.00000000e+00  -2.82445185e+01
   2.51322457e+01   2.82445185e+01  -0.00000000e+00
  -0.00000000e+00  -2.02406551e+01  -2.60149220e+01
   2.02406551e+01  -0.00000000e+00  -2.92365018e+01
   2.60149220e+01   2.92365018e+01  -0.00000000e+00
  -0.00000000e+00  -2.00313143e+01  -2.57458604e+01
   2.00313143e+01  -0.00000000e+00  -2.89341207e+01
   2.57458604e+01   2.89341207e+01  -0.00000000e+00
  -0.00000000e+00  -1.90488800e+01  -2.44831566e+01
   1.90488800e+01  -0.00000000e+00  -2.75150489e+01
   2.44831566e+01   2.75150489e+01  -0.00000000e+00
  -0.00000000e+00  -1.74836772e+01  -2.24714317e+01
   1.74836772e+01  -0.00000000e+00  -2.52542004e+01
   2.24714317e+01   2.52542004e+01  -0.00000000e+00
  -0.00000000e+00  -1.55535243e+01  -1.99906436e+01
   1.55535243e+01  -0.00000000e+00  -2.24662018e+01
   1.99906436e+01   2.24662018e+01  -0.00000000e+00
  -0.00000000e+00  -1.34649453e+01  -1.73062334e+01
   1.34649453e+01  -0.00000000e+00  -1.94493654e+01
   1.73062334e+01   1.94493654e+01  -0.00000000e+00
  -0.00000000e+00  -1.13820866e+01  -1.46291755e+01
   1.13820866e+01  -0.00000000e+00  -1.64407918e+01
   1.46291755e+01   1.64407918e+01  -0.00000000e+00
  -0.00000000e+00  -9.40750121e+00  -1.20912791e+01
   9.40750121e+00  -0.00000000e+00  -1.35886129e+01
   1.20912791e+01   1.35886129e+01  -0.00000000e+00
  -0.00000000e+00  -7.57611448e+00  -9.73743323e+00
   7.57611448e+00  -0.00000000e+00  -1.09432765e+01
   9.73743323e+00   1.09432765e+01  -0.00000000e+00
  -0.00000000e+00  -5.86121634e+00  -7.53330786e+00
   5.86121634e+00  -0.00000000e+00  -8.46620138e+00
   7.53330786e+00   8.46620138e+00  -0.00000000e+00
  -0.00000000e+00  -4.18969957e+00  -5.38493973e+00
   4.18969957e+00  -0.00000000e+00  -6.05178827e+00
   5.38493973e+00   6.05178827e+00  -0.00000000e+00
  -0.00000000e+00  -2.46311677e+00  -3.16579628e+00
   2.46311677e+00  -0.00000000e+00  -3.55783533e+00
   3.16579628e+00   3.55783533e+00  -0.00000000e+00
  -0.00000000e+00  -5.81253848e-01  -7.47074315e-01
   5.81253848e-01  -0.00000000e+00  -8.39588891e-01
   7.47074315e-01   8.39588891e-01  -0.00000000e+00
   0.00000000e+00   1.53457370e+00   1.97235786e+00
  -1.53457370e+00   0.00000000e+00   2.21660646e+00
  -1.97235786e+00  -2.21660646e+00   0.00000000e+00
   0.00000000e+00   3.92079940e+00   5.03932754e+00
  -3.92079940e+00   0.00000000e+00   5.66337690e+00
  -5.03932754e+00  -5.66337690e+00   0.00000000e+00
   0.00000000e+00   6.55550000e+00   8.42565720e+00
  -6.55550000e+00   0.00000000e+00   9.46905555e+00
  -8.42565720e+00  -9.46905555e+00   0.00000000e+00
   0.00000000e+00   9.34890969e+00   1.20159726e+01
  -9.34890969e+00   0.00000000e+00   1.35039807e+01
  -1.20159726e+01  -1.35039807e+01   0.00000000e+00
   0.00000000e+00   1.21425040e+01   1.56065253e+01
  -1.21425040e+01   0.00000000e+00   1.75391725e+01
  -1.56065253e+01  -1.75391725e+01   0.00000000e+00
   0.00000000e+00   1.47181998e+01   1.89170172e+01
  -1.47181998e+01   0.00000000e+00   2.12596220e+01
  -1.89170172e+01  -2.12596220e+01   0.00000000e+00
   0.00000000e+00   1.68182085e+01   2.16161176e+01
  -1.68182085e+01   0.00000000e+00   2.42929678e+01
  -2.16161176e+01  -2.42929678e+01   0.00000000e+00
   0.00000000e+00   1.81744267e+01   2.33592386e+01
  -1.81744267e+01   0.00000000e+00   2.62519496e+01
  -2.33592386e+01  -2.62519496e+01   0.00000000e+00
   0.00000000e+00   1.85441990e+01   2.38344999e+01
  -1.85441990e+01   0.00000000e+00   2.67860652e+01
  -2.38344999e+01  -2.67860652e+01   0.00000000e+00
   0.00000000e+00   1.77473261e+01   2.28102945e+01
  -1.77473261e+01   0.00000000e+00   2.56350266e+01
  -2.28102945e+01  -2.56350266e+01   0.00000000e+00
   0.00000000e+00   1.56979392e+01   2.01762573e+01
  -1.56979392e+01   0.00000000e+00   2.26748011e+01
  -2.01762573e+01  -2.26748011e+01   0.00000000e+00
   0.00000000e+00   1.24248588e+01   1.59694304e+01
  -1.24248588e+01   0.00000000e+00   1.79470182e+01
  -1.59694304e+01  -1.79470182e+01   0.00000000e+00
   0.00000000e+00   8.07559062e+00   1.03794002e+01
  -8.07559062e+00   0.00000000e+00   1.16647420e+01
  -1.03794002e+01  -1.16647420e+01   0.00000000e+00
   0.00000000e+00   2.90207335e+00   3.72997867e+00
  -2.90207335e+00   0.00000000e+00   4.19188372e+00
  -3.72997867e+00  -4.19188372e+00   0.00000000e+00
  -0.00000000e+00  -2.76991267e+00  -3.56011512e+00
   2.76991267e+00  -0.00000000e+00  -4.00098497e+00
   3.56011512e+00   4.00098497e+00  -0.00000000e+00
  -0.00000000e+00  -8.58204649e+00  -1.10303382e+01
   8.58204649e+00  -0.00000000e+00  -1.23962894e+01
   1.10303382e+01   1.23962894e+01  -0.00000000e+00
  -0.00000000e+00  -1.41872620e+01  -1.82346132e+01
   1.41872620e+01  -0.00000000e+00  -2.04927118e+01
   1.82346132e+01   2.04927118e+01  -0.00000000e+00
  -0.00000000e+00  -1.92871838e+01  -2.47894439e+01
   1.92871838e+01  -0.00000000e+00  -2.78592655e+01
   2.47894439e+01   2.78592655e+01  -0.00000000e+00
  -0.00000000e+00  -2.36559886e+01  -3.04045841e+01
   2.36559886e+01  -0.00000000e+00  -3.41697613e+01
   3.04045841e+01   3.41697613e+01  -0.00000000e+00
  -0.00000000e+00  -2.71470659e+01  -3.48915981e+01
   2.71470659e+01  -0.00000000e+00  -3.92124285e+01
   3.48915981e+01   3.92124285e+01  -0.00000000e+00
  -0.00000000e+00  -2.96834569e+01  -3.81515723e+01
   2.96834569e+01  -0.00000000e+00  -4.28761044e+01
   3.81515723e+01   4.28761044e+01  -0.00000000e+00
  -0.00000000e+00  -3.12374001e+01  -4.01488254e+01
   3.12374001e+01  -0.00000000e+00  -4.51206890e+01
   4.01488254e+01   4.51206890e+01  -0.00000000e+00
  -0.00000000e+00  -3.18071292e+01  -4.08810872e+01
   3.18071292e+01  -0.00000000e+00  -4.59436311e+01
   4.08810872e+01   4.59436311e+01  -0.00000000e+00
  -0.00000000e+00  -3.13994788e+01  -4.03571421e+01
   3.13994788e+01  -0.00000000e+00  -4.53548028e+01
   4.03571421e+01   4.53548028e+01  -0.00000000e+00
  -0.00000000e+00  -3.00246321e+01  -3.85900782e+01
   3.00246321e+01  -0.00000000e+00  -4.33689130e+01
   3.85900782e+01   4.33689130e+01  -0.00000000e+00
  -0.00000000e+00  -2.77050535e+01  -3.56087687e+01
   2.77050535e+01  -0.00000000e+00  -4.00184106e+01
   3.56087687e+01   4.00184106e+01  -0.00000000e+00
  -0.00000000e+00  -2.44954933e+01  -3.14835832e+01
   2.44954933e+01  -0.00000000e+00  -3.53823792e+01
   3.14835832e+01   3.53823792e+01  -0.00000000e+00
  -0.00000000e+00  -2.05064877e+01  -2.63565915e+01
   2.05064877e+01  -0.00000000e+00  -2.96204822e+01
   2.63565915e+01   2.96204822e+01  -0.00000000e+00
  -0.00000000e+00  -1.59214665e+01  -2.04635526e+01
   1.59214665e+01  -0.00000000e+00  -2.29976738e+01
   2.04635526e+01   2.29976738e+01  -0.00000000e+00
  -0.00000000e+00  -1.09983343e+01  -1.41359461e+01
   1.09983343e+01  -0.00000000e+00  -1.58864829e+01
   1.41359461e+01   1.58864829e+01  -0.00000000e+00
  -0.00000000e+00  -6.05024993e+00  -7.77626907e+00
   6.05024993e+00  -0.00000000e+00  -8.73924990e+00
   7.77626907e+00   8.73924990e+00  -0.00000000e+00
  -0.00000000e+00  -1.40637227e+00  -1.80758305e+00
   1.40637227e+00  -0.00000000e+00  -2.03142662e+00
   1.80758305e+00   2.03142662e+00  -0.00000000e+00
   0.00000000e+00   2.64011837e+00   3.39329301e+00
  -2.64011837e+00   0.00000000e+00   3.81350431e+00
  -3.39329301e+00  -3.81350431e+00   0.00000000e+00
   0.00000000e+00   5.88436372e+00   7.56305875e+00
  -5.88436372e+00   0.00000000e+00   8.49963649e+00
  -7.56305875e+00  -8.49963649e+00   0.00000000e+00
   0.00000000e+00   8.24828372e+00   1.06013593e+01
  -8.24828372e+00   0.00000000e+00   1.19141876e+01
  -1.06013593e+01  -1.19141876e+01   0.00000000e+00
   0.00000000e+00   9.79299883e+00   1.25867518e+01
  -9.79299883e+00   0.00000000e+00   1.41454428e+01
  -1.25867518e+01  -1.41454428e+01   0.00000000e+00
   0.00000000e+00   1.06988803e+01   1.37510636e+01
  -1.06988803e+01   0.00000000e+00   1.54539382e+01
  -1.37510636e+01  -1.54539382e+01   0.00000000e+00
   0.00000000e+00   1.12150342e+01   1.44144663e+01
  -1.12150342e+01   0.00000000e+00   1.61994939e+01
  -1.44144663e+01  -1.61994939e+01   0.00000000e+00
   0.00000000e+00   1.15884079e+01   1.48943562e+01
  -1.15884079e+01   0.00000000e+00   1.67388114e+01
  -1.48943562e+01  -1.67388114e+01   0.00000000e+00
   0.00000000e+00   1.19890247e+01   1.54092613e+01
  -1.19890247e+01   0.00000000e+00   1.73174801e+01
  -1.54092613e+01  -1.73174801e+01   0.00000000e+00
   0.00000000e+00   1.24502389e+01   1.60020510e+01
  -1.24502389e+01   0.00000000e+00   1.79836784e+01
  -1.60020510e+01  -1.79836784e+01   0.00000000e+00
   0.00000000e+00   1.28404317e+01   1.65035582e+01
  -1.28404317e+01   0.00000000e+00   1.85472902e+01
  -1.65035582e+01  -1.85472902e+01   0.00000000e+00
   0.00000000e+00   1.28756440e+01   1.65488159e+01
  -1.28756440e+01   0.00000000e+00   1.85981525e+01
  -1.65488159e+01  -1.85981525e+01   0.00000000e+00
   0.00000000e+00   1.21728815e+01   1.56455688e+01
  -1.21728815e+01   0.00000000e+00   1.75830510e+01
  -1.56455688e+01  -1.75830510e+01   0.00000000e+00
   0.00000000e+00   1.03336873e+01   1.32816881e+01
  -1.03336873e+01   0.00000000e+00   1.49264372e+01
  -1.32816881e+01  -1.49264372e+01   0.00000000e+00
   0.00000000e+00   7.03963328e+00   9.04790433e+00
  -7.03963328e+00   0.00000000e+00   1.01683592e+01
  -9.04790433e+00  -1.01683592e+01   0.00000000e+00
   0.00000000e+00   2.13765429e+00   2.74748566e+00
  -2.13765429e+00   0.00000000e+00   3.08772286e+00
  -2.74748566e+00  -3.08772286e+00   0.00000000e+00
  -0.00000000e+00  -4.30535302e+00  -5.53358686e+00
   4.30535302e+00  -0.00000000e+00  -6.21884325e+00
   5.53358686e+00   6.21884325e+00  -0.00000000e+00
  -0.00000000e+00  -1.19927731e+01  -1.54140791e+01
   1.19927731e+01  -0.00000000e+00  -1.73228945e+01
   1.54140791e+01   1.73228945e+01  -0.00000000e+00
  -0.00000000e+00  -2.04374576e+01  -2.62678684e+01
   2.04374576e+01  -0.00000000e+00  -2.95207720e+01
   2.62678684e+01   2.95207720e+01  -0.00000000e+00
  -0.00000000e+00  -2.90427667e+01  -3.73281057e+01
   2.90427667e+01  -0.00000000e+00  -4.19506631e+01
   3.73281057e+01   4.19506631e+01  -0.00000000e+00
  -0.00000000e+00  -3.72087236e+01  -4.78236519e+01
   3.72087236e+01  -0.00000000e+00  -5.37459340e+01
   4.78236519e+01   5.37459340e+01  -0.00000000e+00
  -0.00000000e+00  -4.44407672e+01  -5.71188575e+01
   4.44407672e+01  -0.00000000e+00  -6.41922193e+01
   5.71188575e+01   6.41922193e+01  -0.00000000e+00
  -0.00000000e+00  -5.04380647e+01  -6.48270678e+01
   5.04380647e+01  -0.00000000e+00  -7.28549823e+01
   6.48270678e+01   7.28549823e+01  -0.00000000e+00
  -0.00000000e+00  -5.51430157e+01  -7.08742503e+01
   5.51430157e+01  -0.00000000e+00  -7.96510227e+01
   7.08742503e+01   7.96510227e+01  -0.00000000e+00
  -0.00000000e+00  -5.87421664e+01  -7.55001690e+01
   5.87421664e+01  -0.00000000e+00  -8.48497959e+01
   7.55001690e+01   8.48497959e+01  -0.00000000e+00
  -0.00000000e+00  -6.16190813e+01  -7.91978120e+01
   6.16190813e+01  -0.00000000e+00  -8.90053397e+01
   7.91978120e+01   8.90053397e+01  -0.00000000e+00
  -0.00000000e+00  -6.42694643e+01  -8.26042979e+01
   6.42694643e+01  -0.00000000e+00  -9.28336706e+01
   8.26042979e+01   9.28336706e+01  -0.00000000e+00
  -0.00000000e+00  -6.71959318e+01  -8.63656299e+01
   6.71959318e+01  -0.00000000e+00  -9.70607904e+01
   8.63656299e+01   9.70607904e+01  -0.00000000e+00
  -0.00000000e+00  -7.08030336e+01  -9.10017680e+01
   7.08030336e+01  -0.00000000e+00  -1.02271049e+02
   9.10017680e+01   1.02271049e+02  -0.00000000e+00
  -0.00000000e+00  -7.53120098e+01  -9.67970678e+01
   7.53120098e+01  -0.00000000e+00  -1.08784014e+02
   9.67970678e+01   1.08784014e+02  -0.00000000e+00
  -0.00000000e+00  -8.07099698e+01  -1.03734961e+02
   8.07099698e+01  -0.00000000e+00  -1.16581067e+02
   1.03734961e+02   1.16581067e+02  -0.00000000e+00
  -0.00000000e+00  -8.67410433e+01  -1.11486583e+02
   8.67410433e+01  -0.00000000e+00  -1.25292618e+02
   1.11486583e+02   1.25292618e+02  -0.00000000e+00
  -0.00000000e+00  -9.29393287e+01  -1.19453119e+02
   9.29393287e+01  -0.00000000e+00  -1.34245697e+02
   1.19453119e+02   1.34245697e+02  -0.00000000e+00
  -0.00000000e+00  -9.86967347e+01  -1.26853002e+02
   9.86967347e+01  -0.00000000e+00  -1.42561950e+02
   1.26853002e+02   1.42561950e+02  -0.00000000e+00
  -0.00000000e+00  -1.03354095e+02  -1.32839017e+02
   1.03354095e+02  -0.00000000e+00  -1.49289249e+02
   1.32839017e+02   1.49289249e+02  -0.00000000e+00
  -0.00000000e+00  -1.06301534e+02  -1.36627304e+02
   1.06301534e+02  -0.00000000e+00  -1.53546661e+02
   1.36627304e+02   1.53546661e+02  -0.00000000e+00
  -0.00000000e+00  -1.07073706e+02  -1.37619761e+02
   1.07073706e+02  -0.00000000e+00  -1.54662019e+02
   1.37619761e+02   1.54662019e+02  -0.00000000e+00
  -0.00000000e+00  -1.05426754e+02  -1.35502965e+02
   1.05426754e+02  -0.00000000e+00  -1.52283089e+02
   1.35502965e+02   1.52283089e+02  -0.00000000e+00
  -0.00000000e+00  -1.01386223e+02  -1.30309749e+02
   1.01386223e+02  -0.00000000e+00  -1.46446766e+02
   1.30309749e+02   1.46446766e+02  -0.00000000e+00
  -0.00000000e+00  -9.52585221e+01  -1.22433934e+02
   9.52585221e+01  -0.00000000e+00  -1.37595643e+02
   1.22433934e+02   1.37595643e+02  -0.00000000e+00
  -0.00000000e+00  -8.76028733e+01  -1.12594277e+02
   8.76028733e+01  -0.00000000e+00  -1.26537484e+02
   1.12594277e+02   1.26537484e+02  -0.00000000e+00
  -0.00000000e+00  -7.91658061e+01  -1.01750278e+02
   7.91658061e+01  -0.00000000e+00  -1.14350609e+02
   1.01750278e+02   1.14350609e+02  -0.00000000e+00
  -0.00000000e+00  -7.07858128e+01  -9.09796344e+01
   7.07858128e+01  -0.00000000e+00  -1.02246174e+02
   9.09796344e+01   1.02246174e+02  -0.00000000e+00
  -0.00000000e+00  -6.32809849e+01  -8.13338244e+01
   6.32809849e+01  -0.00000000e+00  -9.14058670e+01
   8.13338244e+01   9.14058670e+01  -0.00000000e+00
  -0.00000000e+00  -5.73363792e+01  -7.36933379e+01
   5.73363792e+01  -0.00000000e+00  -8.28192145e+01
   7.36933379e+01   8.28192145e+01  -0.00000000e+00
  -0.00000000e+00  -5.34095202e+01  -6.86462220e+01
   5.34095202e+01  -0.00000000e+00  -7.71470847e+01
   6.86462220e+01   7.71470847e+01  -0.00000000e+00
  -0.00000000e+00  -5.16710638e+01  -6.64118177e+01
   5.16710638e+01  -0.00000000e+00  -7.46359810e+01
   6.64118177e+01   7.46359810e+01  -0.00000000e+00
  -0.00000000e+00  -5.19928293e+01  -6.68253767e+01
   5.19928293e+01  -0.00000000e+00  -7.51007534e+01
   6.68253767e+01   7.51007534e+01  -0.00000000e+00
  -0.00000000e+00  -5.39873903e+01  -6.93889473e+01
   5.39873903e+01  -0.00000000e+00  -7.79817860e+01
   6.93889473e+01   7.79817860e+01  -0.00000000e+00
  -0.00000000e+00  -5.70933278e+01  -7.33809486e+01
   5.70933278e+01  -0.00000000e+00  -8.24681402e+01
   7.33809486e+01   8.24681402e+01  -0.00000000e+00
  -0.00000000e+00  -6.06900638e+01  -7.80037637e+01
   6.06900638e+01  -0.00000000e+00  -8.76634255e+01
   7.80037637e+01   8.76634255e+01  -0.00000000e+00
  -0.00000000e+00  -6.42184493e+01  -8.25387293e+01
   6.42184493e+01  -0.00000000e+00  -9.27599824e+01
   8.25387293e+01   9.27599824e+01  -0.00000000e+00
  -0.00000000e+00  -6.72803733e+01  -8.64741609e+01
   6.72803733e+01  -0.00000000e+00  -9.71827614e+01
   8.64741609e+01   9.71827614e+01  -0.00000000e+00
  -0.00000000e+00  -6.96940284e+01  -8.95763851e+01
   6.96940284e+01  -0.00000000e+00  -1.00669152e+02
   8.95763851e+01   1.00669152e+02  -0.00000000e+00
  -0.00000000e+00  -7.14910237e+01  -9.18860284e+01
   7.14910237e+01  -0.00000000e+00  -1.03264812e+02
   9.18860284e+01   1.03264812e+02  -0.00000000e+00
  -0.00000000e+00  -7.28554265e+01  -9.36396688e+01
   7.28554265e+01  -0.00000000e+00  -1.05235616e+02
   9.36396688e+01   1.05235616e+02  -0.00000000e+00
  -0.00000000e+00  -7.40198237e+01  -9.51362461e+01
   7.40198237e+01  -0.00000000e+00  -1.06917523e+02
   9.51362461e+01   1.06917523e+02  -0.00000000e+00
  -0.00000000e+00  -7.51457362e+01  -9.65833596e+01
   7.51457362e+01  -0.00000000e+00  -1.08543841e+02
   9.65833596e+01   1.08543841e+02  -0.00000000e+00
  -0.00000000e+00  -7.62216525e+01  -9.79662140e+01
   7.62216525e+01  -0.00000000e+00  -1.10097943e+02
   9.79662140e+01   1.10097943e+02  -0.00000000e+00
  -0.00000000e+00  -7.70093820e+01  -9.89786674e+01
   7.70093820e+01  -0.00000000e+00  -1.11235774e+02
   9.89786674e+01   1.11235774e+02  -0.00000000e+00
  -0.00000000e+00  -7.70582928e+01  -9.90415316e+01
   7.70582928e+01  -0.00000000e+00  -1.11306423e+02
   9.90415316e+01   1.11306423e+02  -0.00000000e+00
  -0.00000000e+00  -7.57896501e+01  -9.74109696e+01
   7.57896501e+01  -0.00000000e+00  -1.09473939e+02
   9.74109696e+01   1.09473939e+02  -0.00000000e+00
  -0.00000000e+00  -7.26339914e+01  -9.33550626e+01
   7.26339914e+01  -0.00000000e+00  -1.04915765e+02
   9.33550626e+01   1.04915765e+02  -0.00000000e+00
  -0.00000000e+00  -6.71884388e+01  -8.63559993e+01
   6.71884388e+01  -0.00000000e+00  -9.70499672e+01
   8.63559993e+01   9.70499672e+01  -0.00000000e+00
  -0.00000000e+00  -5.93526620e+01  -7.62848272e+01
   5.93526620e+01  -0.00000000e+00  -8.57316229e+01
   7.62848272e+01   8.57316229e+01  -0.00000000e+00
  -0.00000000e+00  -4.94047175e+01  -6.34989267e+01
   4.94047175e+01  -0.00000000e+00  -7.13623698e+01
   6.34989267e+01   7.13623698e+01  -0.00000000e+00
  -0.00000000e+00  -3.79913550e+01  -4.88295528e+01
   3.79913550e+01  -0.00000000e+00  -5.48764016e+01
   4.88295528e+01   5.48764016e+01  -0.00000000e+00
  -0.00000000e+00  -2.60288143e+01  -3.34543309e+01
   2.60288143e+01  -0.00000000e+00  -3.75971762e+01
   3.34543309e+01   3.75971762e+01  -0.00000000e+00
  -0.00000000e+00  -1.45342784e+01  -1.86806265e+01
   1.45342784e+01  -0.00000000e+00  -2.09939576e+01
   1.86806265e+01   2.09939576e+01  -0.00000000e+00
  -0.00000000e+00  -4.42828521e+00  -5.69158923e+00
   4.42828521e+00  -0.00000000e+00  -6.39641197e+00
   5.69158923e+00   6.39641197e+00  -0.00000000e+00
   0.00000000e+00   3.64156522e+00   4.68043326e+00
  -3.64156522e+00   0.00000000e+00   5.26003865e+00
  -4.68043326e+00  -5.26003865e+00   0.00000000e+00
   0.00000000e+00   9.40882266e+00   1.20929776e+01
  -9.40882266e+00   0.00000000e+00   1.35905216e+01
  -1.20929776e+01  -1.35905216e+01   0.00000000e+00
   0.00000000e+00   1.29982428e+01   1.67063897e+01
  -1.29982428e+01   0.00000000e+00   1.87752396e+01
  -1.67063897e+01  -1.87752396e+01   0.00000000e+00
   0.00000000e+00   1.48333025e+01   1.90649564e+01
  -1.48333025e+01   0.00000000e+00   2.14258813e+01
  -1.90649564e+01  -2.14258813e+01   0.00000000e+00
   0.00000000e+00   1.54647132e+01   1.98764965e+01
  -1.54647132e+01   0.00000000e+00   2.23379191e+01
  -1.98764965e+01  -2.23379191e+01   0.00000000e+00
   0.00000000e+00   1.53661251e+01   1.97497831e+01
  -1.53661251e+01   0.00000000e+00   2.21955141e+01
  -1.97497831e+01  -2.21955141e+01   0.00000000e+00
   0.00000000e+00   1.47541942e+01   1.89632800e+01
  -1.47541942e+01   0.00000000e+00   2.13116138e+01
  -1.89632800e+01  -2.13116138e+01   0.00000000e+00
   0.00000000e+00   1.34859224e+01   1.73331950e+01
  -1.34859224e+01   0.00000000e+00   1.94796657e+01
  -1.73331950e+01  -1.94796657e+01   0.00000000e+00
   0.00000000e+00   1.10671011e+01   1.42243307e+01
  -1.10671011e+01   0.00000000e+00   1.59858127e+01
  -1.42243307e+01  -1.59858127e+01   0.00000000e+00
   0.00000000e+00   6.77639813e+00   8.70957329e+00
  -6.77639813e+00   0.00000000e+00   9.78813063e+00
  -8.70957329e+00  -9.78813063e+00   0.00000000e+00
  -0.00000000e+00  -1.22242474e-01  -1.57115885e-01
   1.22242474e-01  -0.00000000e+00  -1.76572462e-01
   1.57115885e-01   1.76572462e-01  -0.00000000e+00
  -0.00000000e+00  -1.01321650e+01  -1.30226755e+01
   1.01321650e+01  -0.00000000e+00  -1.46353495e+01
   1.30226755e+01   1.46353495e+01  -0.00000000e+00
  -0.00000000e+00  -2.33076832e+01  -2.99569138e+01
   2.33076832e+01  -0.00000000e+00  -3.36666535e+01
   2.99569138e+01   3.36666535e+01  -0.00000000e+00
  -0.00000000e+00  -3.91309016e+01  -5.02941900e+01
   3.91309016e+01  -0.00000000e+00  -5.65224134e+01
   5.02941900e+01   5.65224134e+01  -0.00000000e+00
  -0.00000000e+00  -5.65227811e+01  -7.26476359e+01
   5.65227811e+01  -0.00000000e+00  -8.16440171e+01
   7.26476359e+01   8.16440171e+01  -0.00000000e+00
  -0.00000000e+00  -7.39964506e+01  -9.51062050e+01
   7.39964506e+01  -0.00000000e+00  -1.06883762e+02
   9.51062050e+01   1.06883762e+02  -0.00000000e+00
  -0.00000000e+00  -8.99237260e+01  -1.15577224e+02
   8.99237260e+01  -0.00000000e+00  -1.29889826e+02
   1.15577224e+02   1.29889826e+02  -0.00000000e+00
  -0.00000000e+00  -1.02854741e+02  -1.32197207e+02
   1.02854741e+02  -0.00000000e+00  -1.48567960e+02
   1.32197207e+02   1.48567960e+02  -0.00000000e+00
  -0.00000000e+00  -1.11814331e+02  -1.43712794e+02
   1.11814331e+02  -0.00000000e+00  -1.61509589e+02
   1.43712794e+02   1.61509589e+02  -0.00000000e+00
  -0.00000000e+00  -1.16502162e+02  -1.49737973e+02
   1.16502162e+02  -0.00000000e+00  -1.68280901e+02
   1.49737973e+02   1.68280901e+02  -0.00000000e+00
  -0.00000000e+00  -1.17345927e+02  -1.50822447e+02
   1.17345927e+02  -0.00000000e+00  -1.69499672e+02
   1.50822447e+02   1.69499672e+02  -0.00000000e+00
  -0.00000000e+00  -1.15392262e+02  -1.48311440e+02
   1.15392262e+02  -0.00000000e+00  -1.66677712e+02
   1.48311440e+02   1.66677712e+02  -0.00000000e+00
  -0.00000000e+00  -1.12059523e+02  -1.44027935e+02
   1.12059523e+02  -0.00000000e+00  -1.61863756e+02
   1.44027935e+02   1.61863756e+02  -0.00000000e+00
  -0.00000000e+00  -1.08810305e+02  -1.39851777e+02
   1.08810305e+02  -0.00000000e+00  -1.57170440e+02
   1.39851777e+02   1.57170440e+02  -0.00000000e+00
  -0.00000000e+00  -1.06821580e+02  -1.37295708e+02
   1.06821580e+02  -0.00000000e+00  -1.54297838e+02
   1.37295708e+02   1.54297838e+02  -0.00000000e+00
  -0.00000000e+00  -1.06731198e+02  -1.37179542e+02
   1.06731198e+02  -0.00000000e+00  -1.54167286e+02
   1.37179542e+02   1.54167286e+02  -0.00000000e+00
  -0.00000000e+00  -1.08520437e+02  -1.39479216e+02
   1.08520437e+02  -0.00000000e+00  -1.56751742e+02
   1.39479216e+02   1.56751742e+02  -0.00000000e+00
  -0.00000000e+00  -1.11557888e+02  -1.43383193e+02
   1.11557888e+02  -0.00000000e+00  -1.61139171e+02
   1.43383193e+02   1.61139171e+02  -0.00000000e+00
  -0.00000000e+00  -1.14789130e+02  -1.47536246e+02
   1.14789130e+02  -0.00000000e+00  -1.65806521e+02
   1.47536246e+02   1.65806521e+02  -0.00000000e+00
  -0.00000000e+00  -1.17020616e+02  -1.50404332e+02
   1.17020616e+02  -0.00000000e+00  -1.69029779e+02
   1.50404332e+02   1.69029779e+02  -0.00000000e+00
  -0.00000000e+00  -1.17224375e+02  -1.50666220e+02
   1.17224375e+02  -0.00000000e+00  -1.69324098e+02
   1.50666220e+02   1.69324098e+02  -0.00000000e+00
  -0.00000000e+00  -1.14787834e+02  -1.47534580e+02
   1.14787834e+02  -0.00000000e+00  -1.65804649e+02
   1.47534580e+02   1.65804649e+02  -0.00000000e+00
  -0.00000000e+00  -1.09650049e+02  -1.40931085e+02
   1.09650049e+02  -0.00000000e+00  -1.58383404e+02
   1.40931085e+02   1.58383404e+02  -0.00000000e+00
  -0.00000000e+00  -1.02296952e+02  -1.31480291e+02
   1.02296952e+02  -0.00000000e+00  -1.47762264e+02
   1.31480291e+02   1.47762264e+02  -0.00000000e+00
  -0.00000000e+00  -9.36253295e+01  -1.20334823e+02
   9.36253295e+01  -0.00000000e+00  -1.35236587e+02
   1.20334823e+02   1.35236587e+02  -0.00000000e+00
  -0.00000000e+00  -8.47183518e+01  -1.08886857e+02
   8.47183518e+01  -0.00000000e+00  -1.22370953e+02
   1.08886857e+02   1.22370953e+02  -0.00000000e+00
  -0.00000000e+00  -7.65957873e+01  -9.84470821e+01
   7.65957873e+01  -0.00000000e+00  -1.10638359e+02
   9.84470821e+01   1.10638359e+02  -0.00000000e+00
  -0.00000000e+00  -7.00043814e+01  -8.99752758e+01
   7.00043814e+01  -0.00000000e+00  -1.01117440e+02
   8.99752758e+01   1.01117440e+02  -0.00000000e+00
  -0.00000000e+00  -6.52983351e+01  -8.39266856e+01
   6.52983351e+01  -0.00000000e+00  -9.43198173e+01
   8.39266856e+01   9.43198173e+01  -0.00000000e+00
  -0.00000000e+00  -6.24316110e+01  -8.02421406e+01
   6.24316110e+01  -0.00000000e+00  -9.01789936e+01
   8.02421406e+01   9.01789936e+01  -0.00000000e+00
  -0.00000000e+00  -6.10515858e+01  -7.84684210e+01
   6.10515858e+01  -0.00000000e+00  -8.81856240e+01
   7.84684210e+01   8.81856240e+01  -0.00000000e+00
  -0.00000000e+00  -6.06565898e+01  -7.79607402e+01
   6.06565898e+01  -0.00000000e+00  -8.76150741e+01
   7.79607402e+01   8.76150741e+01  -0.00000000e+00
  -0.00000000e+00  -6.07653811e+01  -7.81005676e+01
   6.07653811e+01  -0.00000000e+00  -8.77722171e+01
   7.81005676e+01   8.77722171e+01  -0.00000000e+00
  -0.00000000e+00  -6.10479623e+01  -7.84637637e+01
   6.10479623e+01  -0.00000000e+00  -8.81803900e+01
   7.84637637e+01   8.81803900e+01  -0.00000000e+00
  -0.00000000e+00  -6.13831088e+01  -7.88945210e+01
   6.13831088e+01  -0.00000000e+00  -8.86644905e+01
   7.88945210e+01   8.86644905e+01  -0.00000000e+00
  -0.00000000e+00  -6.18331749e+01  -7.94729823e+01
   6.18331749e+01  -0.00000000e+00  -8.93145859e+01
   7.94729823e+01   8.93145859e+01  -0.00000000e+00
  -0.00000000e+00  -6.25532796e+01  -8.03985189e+01
   6.25532796e+01  -0.00000000e+00  -9.03547372e+01
   8.03985189e+01   9.03547372e+01  -0.00000000e+00
  -0.00000000e+00  -6.36718345e+01  -8.18361759e+01
   6.36718345e+01  -0.00000000e+00  -9.19704276e+01
   8.18361759e+01   9.19704276e+01  -0.00000000e+00
  -0.00000000e+00  -6.51867897e+01  -8.37833185e+01
   6.51867897e+01  -0.00000000e+00  -9.41586963e+01
   8.37833185e+01   9.41586963e+01  -0.00000000e+00
  -0.00000000e+00  -6.69150696e+01  -8.60046431e+01
   6.69150696e+01  -0.00000000e+00  -9.66551005e+01
   8.60046431e+01   9.66551005e+01  -0.00000000e+00
  -0.00000000e+00  -6.85139121e+01  -8.80596045e+01
   6.85139121e+01  -0.00000000e+00  -9.89645397e+01
   8.80596045e+01   9.89645397e+01  -0.00000000e+00
  -0.00000000e+00  -6.95682262e+01  -8.94146940e+01
   6.95682262e+01  -0.00000000e+00  -1.00487438e+02
   8.94146940e+01   1.00487438e+02  -0.00000000e+00
  -0.00000000e+00  -6.97153591e+01  -8.96038010e+01
   6.97153591e+01  -0.00000000e+00  -1.00699963e+02
   8.96038010e+01   1.00699963e+02  -0.00000000e+00
  -0.00000000e+00  -6.87649719e+01  -8.83822868e+01
   6.87649719e+01  -0.00000000e+00  -9.93271816e+01
   8.83822868e+01   9.93271816e+01  -0.00000000e+00
  -0.00000000e+00  -6.67714424e+01  -8.58200419e+01
   6.67714424e+01  -0.00000000e+00  -9.64476391e+01
   8.58200419e+01   9.64476391e+01  -0.00000000e+00
  -0.00000000e+00  -6.40296719e+01  -8.22960973e+01
   6.40296719e+01  -0.00000000e+00  -9.24873038e+01
   8.22960973e+01   9.24873038e+01  -0.00000000e+00
  -0.00000000e+00  -6.09885427e+01  -7.83873929e+01
   6.09885427e+01  -0.00000000e+00  -8.80945616e+01
   7.83873929e+01   8.80945616e+01  -0.00000000e+00
  -0.00000000e+00  -5.81026468e+01  -7.46782068e+01
   5.81026468e+01  -0.00000000e+00  -8.39260454e+01
   7.46782068e+01   8.39260454e+01  -0.00000000e+00
  -0.00000000e+00  -5.56643120e+01  -7.15442622e+01
   5.56643120e+01  -0.00000000e+00  -8.04040062e+01
   7.15442622e+01   8.04040062e+01  -0.00000000e+00
  -0.00000000e+00  -5.36676052e+01  -6.89779337e+01
   5.36676052e+01  -0.00000000e+00  -7.75198741e+01
   6.89779337e+01   7.75198741e+01  -0.00000000e+00
  -0.00000000e+00  -5.17503893e+01  -6.65137732e+01
   5.17503893e+01  -0.00000000e+00  -7.47505623e+01
   6.65137732e+01   7.47505623e+01  -0.00000000e+00
  -0.00000000e+00  -4.92406081e+01  -6.32880001e+01
   4.92406081e+01  -0.00000000e+00  -7.11253229e+01
   6.32880001e+01   7.11253229e+01  -0.00000000e+00
  -0.00000000e+00  -4.53040960e+01  -5.82284773e+01
   4.53040960e+01  -0.00000000e+00  -6.54392498e+01
   5.82284773e+01   6.54392498e+01  -0.00000000e+00
  -0.00000000e+00  -3.91614577e+01  -5.03334632e+01
   3.91614577e+01  -0.00000000e+00  -5.65665500e+01
   5.03334632e+01   5.65665500e+01  -0.00000000e+00
  -0.00000000e+00  -3.03195095e+01  -3.89690784e+01
   3.03195095e+01  -0.00000000e+00  -4.37948471e+01
   3.89690784e+01   4.37948471e+01  -0.00000000e+00
  -0.00000000e+00  -1.87549776e+01  -2.41054095e+01
   1.87549776e+01  -0.00000000e+00  -2.70905232e+01
   2.41054095e+01   2.70905232e+01  -0.00000000e+00
  -0.00000000e+00  -4.99741268e+00  -6.42307774e+00
   4.99741268e+00  -0.00000000e+00  -7.21848498e+00
   6.42307774e+00   7.21848498e+00  -0.00000000e+00
   0.00000000e+00   9.91724833e+00   1.27464472e+01
  -9.91724833e+00   0.00000000e+00   1.43249142e+01
  -1.27464472e+01  -1.43249142e+01   0.00000000e+00
   0.00000000e+00   2.46176279e+01   3.16405604e+01
  -2.46176279e+01   0.00000000e+00   3.55587958e+01
  -3.16405604e+01  -3.55587958e+01   0.00000000e+00
   0.00000000e+00   3.76543404e+01   4.83963945e+01
  -3.76543404e+01   0.00000000e+00   5.43896028e+01
  -4.83963945e+01  -5.43896028e+01   0.00000000e+00
   0.00000000e+00   4.77824164e+01   6.14138145e+01
  -4.77824164e+01   0.00000000e+00   6.90190459e+01
  -6.14138145e+01  -6.90190459e+01   0.00000000e+00
   0.00000000e+00   5.42001519e+01   6.96624056e+01
  -5.42001519e+01   0.00000000e+00   7.82891083e+01
  -6.96624056e+01  -7.82891083e+01   0.00000000e+00
   0.00000000e+00   5.66869528e+01   7.28586427e+01
  -5.66869528e+01   0.00000000e+00   8.18811541e+01
  -7.28586427e+01  -8.18811541e+01   0.00000000e+00
   0.00000000e+00   5.56087071e+01   7.14727944e+01
  -5.56087071e+01   0.00000000e+00   8.03236881e+01
  -7.14727944e+01  -8.03236881e+01   0.00000000e+00
   0.00000000e+00   5.17928199e+01   6.65683084e+01
  -5.17928199e+01   0.00000000e+00   7.48118509e+01
  -6.65683084e+01  -7.48118509e+01   0.00000000e+00
   0.00000000e+00   4.63074561e+01   5.95180766e+01
  -4.63074561e+01   0.00000000e+00   6.68885477e+01
  -5.95180766e+01  -6.68885477e+01   0.00000000e+00
   0.00000000e+00   4.02024702e+01   5.16714565e+01
  -4.02024702e+01   0.00000000e+00   5.80702348e+01
  -5.16714565e+01  -5.80702348e+01   0.00000000e+00
   0.00000000e+00   3.42771725e+01   4.40557860e+01
  -3.42771725e+01   0.00000000e+00   4.95114714e+01
  -4.40557860e+01  -4.95114714e+01   0.00000000e+00
   0.00000000e+00   2.89306789e+01   3.71840413e+01
  -2.89306789e+01   0.00000000e+00   4.17887584e+01
  -3.71840413e+01  -4.17887584e+01   0.00000000e+00
   0.00000000e+00   2.41269000e+01   3.10098373e+01
  -2.41269000e+01   0.00000000e+00   3.48499666e+01
  -3.10098373e+01  -3.48499666e+01   0.00000000e+00
   0.00000000e+00   1.94749866e+01   2.50308231e+01
  -1.94749866e+01   0.00000000e+00   2.81305362e+01
  -2.50308231e+01  -2.81305362e+01   0.00000000e+00
   0.00000000e+00   1.43959988e+01   1.85028985e+01
  -1.43959988e+01   0.00000000e+00   2.07942206e+01
  -1.85028985e+01  -2.07942206e+01   0.00000000e+00
   0.00000000e+00   8.32580847e+00   1.07010004e+01
  -8.32580847e+00   0.00000000e+00   1.20261678e+01
  -1.07010004e+01  -1.20261678e+01   0.00000000e+00
   0.00000000e+00   8.97947897e-01   1.15411504e+00
  -8.97947897e-01   0.00000000e+00   1.29703585e+00
  -1.15411504e+00  -1.29703585e+00   0.00000000e+00
  -0.00000000e+00  -7.94074015e+00  -1.02060795e+01
   7.94074015e+00  -0.00000000e+00  -1.14699580e+01
   1.02060795e+01   1.14699580e+01  -0.00000000e+00
  -0.00000000e+00  -1.79074358e+01  -2.30160805e+01
   1.79074358e+01  -0.00000000e+00  -2.58662962e+01
   2.30160805e+01   2.58662962e+01  -0.00000000e+00
  -0.00000000e+00  -2.84522431e+01  -3.65691171e+01
   2.84522431e+01  -0.00000000e+00  -4.10976845e+01
   3.65691171e+01   4.10976845e+01  -0.00000000e+00
  -0.00000000e+00  -3.88919971e+01  -4.99871307e+01
   3.88919971e+01  -0.00000000e+00  -5.61773291e+01
   4.99871307e+01   5.61773291e+01  -0.00000000e+00
  -0.00000000e+00  -4.85660542e+01  -6.24210090e+01
   4.85660542e+01  -0.00000000e+00  -7.01509672e+01
   6.24210090e+01   7.01509672e+01  -0.00000000e+00
  -0.00000000e+00  -5.69681285e+01  -7.32200324e+01
   5.69681285e+01  -0.00000000e+00  -8.22872968e+01
   7.32200324e+01   8.22872968e+01  -0.00000000e+00
  -0.00000000e+00  -6.38187558e+01  -8.20250109e+01
   6.38187558e+01  -0.00000000e+00  -9.21826472e+01
   8.20250109e+01   9.21826472e+01  -0.00000000e+00
  -0.00000000e+00  -6.90633362e+01  -8.87657686e+01
   6.90633362e+01  -0.00000000e+00  -9.97581523e+01
   8.87657686e+01   9.97581523e+01  -0.00000000e+00
  -0.00000000e+00  -7.28044986e+01  -9.35742123e+01
   7.28044986e+01  -0.00000000e+00  -1.05162054e+02
   9.35742123e+01   1.05162054e+02  -0.00000000e+00
  -0.00000000e+00  -7.51975362e+01  -9.66499371e+01
   7.51975362e+01  -0.00000000e+00  -1.08618663e+02
   9.66499371e+01   1.08618663e+02  -0.00000000e+00
  -0.00000000e+00  -7.63479950e+01  -9.81285995e+01
   7.63479950e+01  -0.00000000e+00  -1.10280437e+02
   9.81285995e+01   1.10280437e+02  -0.00000000e+00
  -0.00000000e+00  -7.62482398e+01  -9.80003861e+01
   7.62482398e+01  -0.00000000e+00  -1.10136346e+02
   9.80003861e+01   1.10136346e+02  -0.00000000e+00
  -0.00000000e+00  -7.47758618e+01  -9.61079671e+01
   7.47758618e+01  -0.00000000e+00  -1.08009578e+02
   9.61079671e+01   1.08009578e+02  -0.00000000e+00
  -0.00000000e+00  -7.17555551e+01  -9.22260254e+01
   7.17555551e+01  -0.00000000e+00  -1.03646913e+02
   9.22260254e+01   1.03646913e+02  -0.00000000e+00
  -0.00000000e+00  -6.70641911e+01  -8.61963061e+01
   6.70641911e+01  -0.00000000e+00  -9.68704982e+01
   8.61963061e+01   9.68704982e+01  -0.00000000e+00
  -0.00000000e+00  -6.07431022e+01  -7.80719329e+01
   6.07431022e+01  -0.00000000e+00  -8.77400365e+01
   7.80719329e+01   8.77400365e+01  -0.00000000e+00
  -0.00000000e+00  -5.30770670e+01  -6.82189264e+01
   5.30770670e+01  -0.00000000e+00  -7.66668746e+01
   6.82189264e+01   7.66668746e+01  -0.00000000e+00
  -0.00000000e+00  -4.46078327e+01  -5.73335835e+01
   4.46078327e+01  -0.00000000e+00  -6.44335361e+01
   5.73335835e+01   6.44335361e+01  -0.00000000e+00
  -0.00000000e+00  -3.60690082e+01  -4.63587978e+01
   3.60690082e+01  -0.00000000e+00  -5.20996786e+01
   4.63587978e+01   5.20996786e+01  -0.00000000e+00
  -0.00000000e+00  -2.82532686e+01  -3.63133790e+01
   2.82532686e+01  -0.00000000e+00  -4.08102769e+01
   3.63133790e+01   4.08102769e+01  -0.00000000e+00
  -0.00000000e+00  -2.18447335e+01  -2.80766129e+01
   2.18447335e+01  -0.00000000e+00  -3.15535039e+01
   2.80766129e+01   3.15535039e+01  -0.00000000e+00
  -0.00000000e+00  -1.72623497e+01  -2.21869637e+01
   1.72623497e+01  -0.00000000e+00  -2.49345051e+01
   2.21869637e+01   2.49345051e+01  -0.00000000e+00
  -0.00000000e+00  -1.45599207e+01  -1.87135841e+01
   1.45599207e+01  -0.00000000e+00  -2.10309965e+01
   1.87135841e+01   2.10309965e+01  -0.00000000e+00
  -0.00000000e+00  -1.34148037e+01  -1.72417874e+01
   1.34148037e+01  -0.00000000e+00  -1.93769387e+01
   1.72417874e+01   1.93769387e+01  -0.00000000e+00
  -0.00000000e+00  -1.32138331e+01  -1.69834838e+01
   1.32138331e+01  -0.00000000e+00  -1.90866478e+01
   1.69834838e+01   1.90866478e+01  -0.00000000e+00
  -0.00000000e+00  -1.32181633e+01  -1.69890494e+01
   1.32181633e+01  -0.00000000e+00  -1.90929026e+01
   1.69890494e+01   1.90929026e+01  -0.00000000e+00
  -0.00000000e+00  -1.27659348e+01  -1.64078088e+01
   1.27659348e+01  -0.00000000e+00  -1.84396836e+01
   1.64078088e+01   1.84396836e+01  -0.00000000e+00
  -0.00000000e+00  -1.14594826e+01  -1.47286511e+01
   1.14594826e+01  -0.00000000e+00  -1.65525860e+01
   1.47286511e+01   1.65525860e+01  -0.00000000e+00
  -0.00000000e+00  -9.28598080e+00  -1.19350913e+01
   9.28598080e+00  -0.00000000e+00  -1.34130834e+01
   1.19350913e+01   1.34130834e+01  -0.00000000e+00
  -0.00000000e+00  -6.63671601e+00  -8.53004257e+00
   6.63671601e+00  -0.00000000e+00  -9.58636757e+00
   8.53004257e+00   9.58636757e+00  -0.00000000e+00
  -0.00000000e+00  -4.21637376e+00  -5.41922355e+00
   4.21637376e+00  -0.00000000e+00  -6.09031766e+00
   5.41922355e+00   6.09031766e+00  -0.00000000e+00
  -0.00000000e+00  -2.86272600e+00  -3.67940629e+00
   2.86272600e+00  -0.00000000e+00  -4.13504866e+00
   3.67940629e+00   4.13504866e+00  -0.00000000e+00
  -0.00000000e+00  -3.32112828e+00  -4.26858186e+00
   3.32112828e+00  -0.00000000e+00  -4.79718529e+00
   4.26858186e+00   4.79718529e+00  -0.00000000e+00
  -0.00000000e+00  -6.03091508e+00  -7.75141837e+00
   6.03091508e+00  -0.00000000e+00  -8.71132179e+00
   7.75141837e+00   8.71132179e+00  -0.00000000e+00
  -0.00000000e+00  -1.09787981e+01  -1.41108366e+01
   1.09787981e+01  -0.00000000e+00  -1.58582639e+01
   1.41108366e+01   1.58582639e+01  -0.00000000e+00
  -0.00000000e+00  -1.76581523e+01  -2.26956812e+01
   1.76581523e+01  -0.00000000e+00  -2.55062200e+01
   2.26956812e+01   2.55062200e+01  -0.00000000e+00
  -0.00000000e+00  -2.51466737e+01  -3.23205327e+01
   2.51466737e+01  -0.00000000e+00  -3.63229731e+01
   3.23205327e+01   3.63229731e+01  -0.00000000e+00
  -0.00000000e+00  -3.22850803e+01  -4.14953885e+01
   3.22850803e+01  -0.00000000e+00  -4.66340048e+01
   4.14953885e+01   4.66340048e+01  -0.00000000e+00
  -0.00000000e+00  -3.79140908e+01  -4.87302467e+01
   3.79140908e+01  -0.00000000e+00  -5.47647978e+01
   4.87302467e+01   5.47647978e+01  -0.00000000e+00
  -0.00000000e+00  -4.11125342e+01  -5.28411440e+01
   4.11125342e+01  -0.00000000e+00  -5.93847716e+01
   5.28411440e+01   5.93847716e+01  -0.00000000e+00
  -0.00000000e+00  -4.13797575e+01  -5.31846010e+01
   4.13797575e+01  -0.00000000e+00  -5.97707608e+01
   5.31846010e+01   5.97707608e+01  -0.00000000e+00
  -0.00000000e+00  -3.87201622e+01  -4.97662747e+01
   3.87201622e+01  -0.00000000e+00  -5.59291232e+01
   4.97662747e+01   5.59291232e+01  -0.00000000e+00
  -0.00000000e+00  -3.36126154e+01  -4.32016436e+01
   3.36126154e+01  -0.00000000e+00  -4.85515555e+01
   4.32016436e+01   4.85515555e+01  -0.00000000e+00
  -0.00000000e+00  -2.68761084e+01  -3.45433417e+01
   2.68761084e+01  -0.00000000e+00  -3.88210455e+01
   3.45433417e+01   3.88210455e+01  -0.00000000e+00
  -0.00000000e+00  -1.94681166e+01  -2.50219932e+01
   1.94681166e+01  -0.00000000e+00  -2.81206128e+01
   2.50219932e+01   2.81206128e+01  -0.00000000e+00
  -0.00000000e+00  -1.22674309e+01  -1.57670913e+01
   1.22674309e+01  -0.00000000e+00  -1.77196223e+01
   1.57670913e+01   1.77196223e+01  -0.00000000e+00
  -0.00000000e+00  -5.89508819e+00  -7.57684269e+00
   5.89508819e+00  -0.00000000e+00  -8.51512738e+00
   7.57684269e+00   8.51512738e+00  -0.00000000e+00
  -0.00000000e+00  -6.15177107e-01  -7.90675223e-01
   6.15177107e-01  -0.00000000e+00  -8.88589155e-01
   7.90675223e-01   8.88589155e-01  -0.00000000e+00
   0.00000000e+00   3.66485943e+00   4.71037285e+00
  -3.66485943e+00   0.00000000e+00   5.29368584e+00
  -4.71037285e+00  -5.29368584e+00   0.00000000e+00
   0.00000000e+00   7.30115309e+00   9.38403069e+00
  -7.30115309e+00   0.00000000e+00   1.05461100e+01
  -9.38403069e+00  -1.05461100e+01   0.00000000e+00
   0.00000000e+00   1.07577608e+01   1.38267416e+01
  -1.07577608e+01   0.00000000e+00   1.55389878e+01
  -1.38267416e+01  -1.55389878e+01   0.00000000e+00
   0.00000000e+00   1.44331723e+01   1.85506768e+01
  -1.44331723e+01   0.00000000e+00   2.08479155e+01
  -1.85506768e+01  -2.08479155e+01   0.00000000e+00
   0.00000000e+00   1.85159598e+01   2.37982045e+01
  -1.85159598e+01   0.00000000e+00   2.67452752e+01
  -2.37982045e+01  -2.67452752e+01   0.00000000e+00
   0.00000000e+00   2.29065048e+01   2.94412870e+01
  -2.29065048e+01   0.00000000e+00   3.30871735e+01
  -2.94412870e+01  -3.30871735e+01   0.00000000e+00
   0.00000000e+00   2.72225965e+01   3.49886761e+01
  -2.72225965e+01   0.00000000e+00   3.93215282e+01
  -3.49886761e+01  -3.93215282e+01   0.00000000e+00
   0.00000000e+00   3.08838957e+01   3.96944731e+01
  -3.08838957e+01   0.00000000e+00   4.46100715e+01
  -3.96944731e+01  -4.46100715e+01   0.00000000e+00
   0.00000000e+00   3.32499638e+01   4.27355346e+01
  -3.32499638e+01   0.00000000e+00   4.80277255e+01
  -4.27355346e+01  -4.80277255e+01   0.00000000e+00
   0.00000000e+00   3.37739697e+01   4.34090292e+01
  -3.37739697e+01   0.00000000e+00   4.87846229e+01
  -4.34090292e+01  -4.87846229e+01   0.00000000e+00
   0.00000000e+00   3.21321596e+01   4.12988425e+01
  -3.21321596e+01   0.00000000e+00   4.64131194e+01
  -4.12988425e+01  -4.64131194e+01   0.00000000e+00
   0.00000000e+00   2.82975829e+01   3.63703353e+01
  -2.82975829e+01   0.00000000e+00   4.08742864e+01
  -3.63703353e+01  -4.08742864e+01   0.00000000e+00
   0.00000000e+00   2.25425483e+01   2.89735008e+01
  -2.25425483e+01   0.00000000e+00   3.25614587e+01
  -2.89735008e+01  -3.25614587e+01   0.00000000e+00
   0.00000000e+00   1.53732383e+01   1.97589255e+01
  -1.53732383e+01   0.00000000e+00   2.22057887e+01
  -1.97589255e+01  -2.22057887e+01   0.00000000e+00
   0.00000000e+00   7.41678744e+00   9.53265327e+00
  -7.41678744e+00   0.00000000e+00   1.07131374e+01
  -9.53265327e+00  -1.07131374e+01   0.00000000e+00
  -0.00000000e+00  -7.08262771e-01  -9.10316425e-01
   7.08262771e-01  -0.00000000e+00  -1.02304623e+00
   9.10316425e-01   1.02304623e+00  -0.00000000e+00
  -0.00000000e+00  -8.50521321e+00  -1.09315858e+01
   8.50521321e+00  -0.00000000e+00  -1.22853080e+01
   1.09315858e+01   1.22853080e+01  -0.00000000e+00
  -0.00000000e+00  -1.56698165e+01  -2.01401117e+01
   1.56698165e+01  -0.00000000e+00  -2.26341794e+01
   2.01401117e+01   2.26341794e+01  -0.00000000e+00
  -0.00000000e+00  -2.21047749e+01  -2.84108391e+01
   2.21047749e+01  -0.00000000e+00  -3.19291192e+01
   2.84108391e+01   3.19291192e+01  -0.00000000e+00
  -0.00000000e+00  -2.78800336e+01  -3.58336673e+01
   2.78800336e+01  -0.00000000e+00  -4.02711596e+01
   3.58336673e+01   4.02711596e+01  -0.00000000e+00
  -0.00000000e+00  -3.31544619e+01  -4.26127878e+01
   3.31544619e+01  -0.00000000e+00  -4.78897783e+01
   4.26127878e+01   4.78897783e+01  -0.00000000e+00
  -0.00000000e+00  -3.80830788e+01  -4.89474437e+01
   3.80830788e+01  -0.00000000e+00  -5.50088916e+01
   4.89474437e+01   5.50088916e+01  -0.00000000e+00
  -0.00000000e+00  -4.27356170e+01  -5.49272609e+01
   4.27356170e+01  -0.00000000e+00  -6.17292245e+01
   5.49272609e+01   6.17292245e+01  -0.00000000e+00
  -0.00000000e+00  -4.70470709e+01  -6.04686891e+01
   4.70470709e+01  -0.00000000e+00  -6.79568802e+01
   6.04686891e+01   6.79568802e+01  -0.00000000e+00
  -0.00000000e+00  -5.08108369e+01  -6.53061848e+01
   5.08108369e+01  -0.00000000e+00  -7.33934311e+01
   6.53061848e+01   7.33934311e+01  -0.00000000e+00
  -0.00000000e+00  -5.37131440e+01  -6.90364639e+01
   5.37131440e+01  -0.00000000e+00  -7.75856525e+01
   6.90364639e+01   7.75856525e+01  -0.00000000e+00
  -0.00000000e+00  -5.53969592e+01  -7.12006388e+01
   5.53969592e+01  -0.00000000e+00  -8.00178299e+01
   7.12006388e+01   8.00178299e+01  -0.00000000e+00
  -0.00000000e+00  -5.55370734e+01  -7.13807250e+01
   5.55370734e+01  -0.00000000e+00  -8.02202171e+01
   7.13807250e+01   8.02202171e+01  -0.00000000e+00
  -0.00000000e+00  -5.39069620e+01  -6.92855744e+01
   5.39069620e+01  -0.00000000e+00  -7.78656118e+01
   6.92855744e+01   7.78656118e+01  -0.00000000e+00
  -0.00000000e+00  -5.04220507e+01  -6.48064854e+01
   5.04220507e+01  -0.00000000e+00  -7.28318510e+01
   6.48064854e+01   7.28318510e+01  -0.00000000e+00
  -0.00000000e+00  -4.51516247e+01  -5.80325089e+01
   4.51516247e+01  -0.00000000e+00  -6.52190134e+01
   5.80325089e+01   6.52190134e+01  -0.00000000e+00
  -0.00000000e+00  -3.83004007e+01  -4.92267633e+01
   3.83004007e+01  -0.00000000e+00  -5.53228010e+01
   4.92267633e+01   5.53228010e+01  -0.00000000e+00
  -0.00000000e+00  -3.01682671e+01  -3.87746895e+01
   3.01682671e+01  -0.00000000e+00  -4.35763858e+01
   3.87746895e+01   4.35763858e+01  -0.00000000e+00
  -0.00000000e+00  -2.11010058e+01  -2.71207141e+01
   2.11010058e+01  -0.00000000e+00  -3.04792306e+01
   2.71207141e+01   3.04792306e+01  -0.00000000e+00
  -0.00000000e+00  -1.14451080e+01  -1.47101756e+01
   1.14451080e+01  -0.00000000e+00  -1.65318226e+01
   1.47101756e+01   1.65318226e+01  -0.00000000e+00
  -0.00000000e+00  -1.51645275e+00  -1.94906735e+00
   1.51645275e+00  -0.00000000e+00  -2.19043175e+00
   1.94906735e+00   2.19043175e+00  -0.00000000e+00
   0.00000000e+00   8.41299185e+00   1.08130555e+01
  -8.41299185e+00   0.00000000e+00   1.21520993e+01
  -1.08130555e+01  -1.21520993e+01   0.00000000e+00
   0.00000000e+00   1.81122733e+01   2.32793542e+01
  -1.81122733e+01   0.00000000e+00   2.61621726e+01
  -2.32793542e+01  -2.61621726e+01   0.00000000e+00
   0.00000000e+00   2.73787220e+01   3.51893413e+01
  -2.73787220e+01   0.00000000e+00   3.95470430e+01
  -3.51893413e+01  -3.95470430e+01   0.00000000e+00
   0.00000000e+00   3.60236129e+01   4.63004521e+01
  -3.60236129e+01   0.00000000e+00   5.20341075e+01
  -4.63004521e+01  -5.20341075e+01   0.00000000e+00
   0.00000000e+00   4.38633915e+01   5.63767676e+01
  -4.38633915e+01   0.00000000e+00   6.33582321e+01
  -5.63767676e+01  -6.33582321e+01   0.00000000e+00
   0.00000000e+00   5.07203059e+01   6.51898269e+01
  -5.07203059e+01   0.00000000e+00   7.32626640e+01
  -6.51898269e+01  -7.32626640e+01   0.00000000e+00
   0.00000000e+00   5.64320154e+01   7.25309766e+01
  -5.64320154e+01   0.00000000e+00   8.15129112e+01
  -7.25309766e+01  -8.15129112e+01   0.00000000e+00
   0.00000000e+00   6.08660500e+01   7.82299554e+01
  -6.08660500e+01   0.00000000e+00   8.79176277e+01
  -7.82299554e+01  -8.79176277e+01   0.00000000e+00
   0.00000000e+00   6.39330881e+01   8.21719601e+01
  -6.39330881e+01   0.00000000e+00   9.23477940e+01
  -8.21719601e+01  -9.23477940e+01   0.00000000e+00
   0.00000000e+00   6.55934610e+01   8.43060052e+01
  -6.55934610e+01   0.00000000e+00   9.47461103e+01
  -8.43060052e+01  -9.47461103e+01   0.00000000e+00
   0.00000000e+00   6.58538172e+01   8.46406360e+01
  -6.58538172e+01   0.00000000e+00   9.51221804e+01
  -8.46406360e+01  -9.51221804e+01   0.00000000e+00
   0.00000000e+00   6.47545779e+01   8.32278050e+01
  -6.47545779e+01   0.00000000e+00   9.35343903e+01
  -8.32278050e+01  -9.35343903e+01   0.00000000e+00
   0.00000000e+00   6.23523759e+01   8.01403012e+01
  -6.23523759e+01   0.00000000e+00   9.00645429e+01
  -8.01403012e+01  -9.00645429e+01   0.00000000e+00
   0.00000000e+00   5.87038869e+01   7.54509690e+01
  -5.87038869e+01   0.00000000e+00   8.47945032e+01
  -7.54509690e+01  -8.47945032e+01   0.00000000e+00
   0.00000000e+00   5.38575369e+01   6.92220493e+01
  -5.38575369e+01   0.00000000e+00   7.77942200e+01
  -6.92220493e+01  -7.77942200e+01   0.00000000e+00
   0.00000000e+00   4.78574108e+01   6.15102033e+01
  -4.78574108e+01   0.00000000e+00   6.91273712e+01
  -6.15102033e+01  -6.91273712e+01   0.00000000e+00
   0.00000000e+00   4.07598955e+01   5.23879044e+01
  -4.07598955e+01   0.00000000e+00   5.88754046e+01
  -5.23879044e+01  -5.88754046e+01   0.00000000e+00
   0.00000000e+00   3.26592985e+01   4.19763639e+01
  -3.26592985e+01   0.00000000e+00   4.71745423e+01
  -4.19763639e+01  -4.71745423e+01   0.00000000e+00
   0.00000000e+00   2.37151891e+01   3.04806733e+01
  -2.37151891e+01   0.00000000e+00   3.42552732e+01
  -3.04806733e+01  -3.42552732e+01   0.00000000e+00
   0.00000000e+00   1.41726330e+01   1.82158107e+01
  -1.41726330e+01   0.00000000e+00   2.04715809e+01
  -1.82158107e+01  -2.04715809e+01   0.00000000e+00
   0.00000000e+00   4.36739396e+00   5.61332688e+00
  -4.36739396e+00   0.00000000e+00   6.30845794e+00
  -5.61332688e+00  -6.30845794e+00   0.00000000e+00
  -0.00000000e+00  -5.28856151e+00  -6.79728570e+00
   5.28856151e+00  -0.00000000e+00  -7.63903329e+00
   6.79728570e+00   7.63903329e+00  -0.00000000e+00
  -0.00000000e+00  -1.43411220e+01  -1.84323664e+01
   1.43411220e+01  -0.00000000e+00  -2.07149541e+01
   1.84323664e+01   2.07149541e+01  -0.00000000e+00
  -0.00000000e+00  -2.23424412e+01  -2.87163070e+01
   2.23424412e+01  -0.00000000e+00  -3.22724150e+01
   2.87163070e+01   3.22724150e+01  -0.00000000e+00
  -0.00000000e+00  -2.89045198e+01  -3.71504196e+01
   2.89045198e+01  -0.00000000e+00  -4.17509731e+01
   3.71504196e+01   4.17509731e+01  -0.00000000e+00
  -0.00000000e+00  -3.37469994e+01  -4.33743648e+01
   3.37469994e+01  -0.00000000e+00  -4.87456658e+01
   4.33743648e+01   4.87456658e+01  -0.00000000e+00
  -0.00000000e+00  -3.67291181e+01  -4.72072242e+01
   3.67291181e+01  -0.00000000e+00  -5.30531705e+01
   4.72072242e+01   5.30531705e+01  -0.00000000e+00
  -0.00000000e+00  -3.78591846e+01  -4.86596768e+01
   3.78591846e+01  -0.00000000e+00  -5.46854888e+01
   4.86596768e+01   5.46854888e+01  -0.00000000e+00
  -0.00000000e+00  -3.72799652e+01  -4.79152173e+01
   3.72799652e+01  -0.00000000e+00  -5.38488386e+01
   4.79152173e+01   5.38488386e+01  -0.00000000e+00
  -0.00000000e+00  -3.52337908e+01  -4.52853090e+01
   3.52337908e+01  -0.00000000e+00  -5.08932533e+01
   4.52853090e+01   5.08932533e+01  -0.00000000e+00
  -0.00000000e+00  -3.20156290e+01  -4.11490679e+01
   3.20156290e+01  -0.00000000e+00  -4.62447974e+01
   4.11490679e+01   4.62447974e+01  -0.00000000e+00
  -0.00000000e+00  -2.79247378e+01  -3.58911248e+01
   2.79247378e+01  -0.00000000e+00  -4.03357324e+01
   3.58911248e+01   4.03357324e+01  -0.00000000e+00
  -0.00000000e+00  -2.32252708e+01  -2.98509907e+01
   2.32252708e+01  -0.00000000e+00  -3.35476133e+01
   2.98509907e+01   3.35476133e+01  -0.00000000e+00
  -0.00000000e+00  -1.81234616e+01  -2.32937343e+01
   1.81234616e+01  -0.00000000e+00  -2.61783335e+01
   2.32937343e+01   2.61783335e+01  -0.00000000e+00
  -0.00000000e+00  -1.27645464e+01  -1.64060244e+01
   1.27645464e+01  -0.00000000e+00  -1.84376782e+01
   1.64060244e+01   1.84376782e+01  -0.00000000e+00
  -0.00000000e+00  -7.24755721e+00  -9.31514493e+00
   7.24755721e+00  -0.00000000e+00  -1.04686937e+01
   9.31514493e+00   1.04686937e+01  -0.00000000e+00
  -0.00000000e+00  -1.65184435e+00  -2.12308355e+00
   1.65184435e+00  -0.00000000e+00  -2.38599739e+00
   2.12308355e+00   2.38599739e+00  -0.00000000e+00
   0.00000000e+00   3.93331753e+00   5.05541686e+00
  -3.93331753e+00   0.00000000e+00   5.68145866e+00
  -5.05541686e+00  -5.68145866e+00   0.00000000e+00
   0.00000000e+00   9.38487660e+00   1.20622002e+01
  -9.38487660e+00   0.00000000e+00   1.35559329e+01
  -1.20622002e+01  -1.35559329e+01   0.00000000e+00
   0.00000000e+00   1.45347064e+01   1.86811767e+01
  -1.45347064e+01   0.00000000e+00   2.09945759e+01
  -1.86811767e+01  -2.09945759e+01   0.00000000e+00
   0.00000000e+00   1.91740620e+01   2.46440506e+01
  -1.91740620e+01   0.00000000e+00   2.76958674e+01
  -2.46440506e+01  -2.76958674e+01   0.00000000e+00
   0.00000000e+00   2.30728198e+01   2.96550485e+01
  -2.30728198e+01   0.00000000e+00   3.33274064e+01
  -2.96550485e+01  -3.33274064e+01   0.00000000e+00
   0.00000000e+00   2.60088861e+01   3.34287177e+01
  -2.60088861e+01   0.00000000e+00   3.75683911e+01
  -3.34287177e+01  -3.75683911e+01   0.00000000e+00
   0.00000000e+00   2.78009073e+01   3.57319678e+01
  -2.78009073e+01   0.00000000e+00   4.01568661e+01
  -3.57319678e+01  -4.01568661e+01   0.00000000e+00
   0.00000000e+00   2.83370005e+01   3.64209980e+01
  -2.83370005e+01   0.00000000e+00   4.09312229e+01
  -3.64209980e+01  -4.09312229e+01   0.00000000e+00
   0.00000000e+00   2.75935938e+01   3.54655118e+01
  -2.75935938e+01   0.00000000e+00   3.98574133e+01
  -3.54655118e+01  -3.98574133e+01   0.00000000e+00
   0.00000000e+00   2.56411135e+01   3.29560266e+01
  -2.56411135e+01   0.00000000e+00   3.70371639e+01
  -3.29560266e+01  -3.70371639e+01   0.00000000e+00
   0.00000000e+00   2.26364120e+01   2.90941420e+01
  -2.26364120e+01   0.00000000e+00   3.26970396e+01
  -2.90941420e+01  -3.26970396e+01   0.00000000e+00
   0.00000000e+00   1.88046715e+01   2.41692801e+01
  -1.88046715e+01   0.00000000e+00   2.71623033e+01
  -2.41692801e+01  -2.71623033e+01   0.00000000e+00
   0.00000000e+00   1.44153771e+01   1.85278050e+01
  -1.44153771e+01   0.00000000e+00   2.08222113e+01
  -1.85278050e+01  -2.08222113e+01   0.00000000e+00
   0.00000000e+00   9.75749156e+00   1.25411149e+01
  -9.75749156e+00   0.00000000e+00   1.40941545e+01
  -1.25411149e+01  -1.40941545e+01   0.00000000e+00
   0.00000000e+00   5.11819758e+00   6.57832023e+00
  -5.11819758e+00   0.00000000e+00   7.39295205e+00
  -6.57832023e+00  -7.39295205e+00   0.00000000e+00
   0.00000000e+00   7.67863568e-01   9.86920174e-01
  -7.67863568e-01   0.00000000e+00   1.10913626e+00
  -9.86920174e-01  -1.10913626e+00   0.00000000e+00
  -0.00000000e+00  -3.04820555e+00  -3.91779956e+00
   3.04820555e+00  -0.00000000e+00  -4.40296357e+00
   3.91779956e+00   4.40296357e+00  -0.00000000e+00
  -0.00000000e+00  -6.11255236e+00  -7.85634518e+00
   6.11255236e+00  -0.00000000e+00  -8.82924230e+00
   7.85634518e+00   8.82924230e+00  -0.00000000e+00
  -0.00000000e+00  -8.23539523e+00  -1.05847940e+01
   8.23539523e+00  -0.00000000e+00  -1.18955709e+01
   1.05847940e+01   1.18955709e+01  -0.00000000e+00
  -0.00000000e+00  -9.25427450e+00  -1.18943398e+01
   9.25427450e+00  -0.00000000e+00  -1.33672854e+01
   1.18943398e+01   1.33672854e+01  -0.00000000e+00
  -0.00000000e+00  -9.03567071e+00  -1.16133726e+01
   9.03567071e+00  -0.00000000e+00  -1.30515244e+01
   1.16133726e+01   1.30515244e+01  -0.00000000e+00
  -0.00000000e+00  -7.47952819e+00  -9.61329274e+00
   7.47952819e+00  -0.00000000e+00  -1.08037629e+01
   9.61329274e+00   1.08037629e+01  -0.00000000e+00
  -0.00000000e+00  -4.52621699e+00  -5.81745905e+00
   4.52621699e+00  -0.00000000e+00  -6.53786898e+00
   5.81745905e+00   6.53786898e+00  -0.00000000e+00
  -0.00000000e+00  -1.64317102e-01  -2.11193590e-01
   1.64317102e-01  -0.00000000e+00  -2.37346926e-01
   2.11193590e-01   2.37346926e-01  -0.00000000e+00
   0.00000000e+00   5.56296670e+00   7.14997338e+00
  -5.56296670e+00   0.00000000e+00   8.03539635e+00
  -7.14997338e+00  -8.03539635e+00   0.00000000e+00
   0.00000000e+00   1.25548234e+01   1.61364714e+01
  -1.25548234e+01   0.00000000e+00   1.81347449e+01
  -1.61364714e+01  -1.81347449e+01   0.00000000e+00
   0.00000000e+00   2.06546009e+01   2.65469586e+01
  -2.06546009e+01   0.00000000e+00   2.98344235e+01
  -2.65469586e+01  -2.98344235e+01   0.00000000e+00
   0.00000000e+00   2.96565112e+01   3.81169395e+01
  -2.96565112e+01   0.00000000e+00   4.28371828e+01
  -3.81169395e+01  -4.28371828e+01   0.00000000e+00
   0.00000000e+00   3.93163242e+01   5.05325101e+01
  -3.93163242e+01   0.00000000e+00   5.67902460e+01
  -5.05325101e+01  -5.67902460e+01   0.00000000e+00
   0.00000000e+00   4.93642573e+01   6.34469240e+01
  -4.93642573e+01   0.00000000e+00   7.13039272e+01
  -6.34469240e+01  -7.13039272e+01   0.00000000e+00
   0.00000000e+00   5.95179546e+01   7.64972745e+01
  -5.95179546e+01   0.00000000e+00   8.59703788e+01
  -7.64972745e+01  -8.59703788e+01   0.00000000e+00
   0.00000000e+00   6.94937203e+01   8.93189330e+01
  -6.94937203e+01   0.00000000e+00   1.00379818e+02
  -8.93189330e+01  -1.00379818e+02   0.00000000e+00
   0.00000000e+00   7.90149167e+01   1.01556342e+02
  -7.90149167e+01   0.00000000e+00   1.14132657e+02
  -1.01556342e+02  -1.14132657e+02   0.00000000e+00
   0.00000000e+00   8.78174063e+01   1.12870012e+02
  -8.78174063e+01   0.00000000e+00   1.26847365e+02
  -1.12870012e+02  -1.26847365e+02   0.00000000e+00
   0.00000000e+00   9.56528276e+01   1.22940727e+02
  -9.56528276e+01   0.00000000e+00   1.38165195e+02
  -1.22940727e+02  -1.38165195e+02   0.00000000e+00
   0.00000000e+00   1.02291071e+02   1.31472733e+02
  -1.02291071e+02   0.00000000e+00   1.47753770e+02
  -1.31472733e+02  -1.47753770e+02   0.00000000e+00
   0.00000000e+00   1.07523435e+02   1.38197789e+02
  -1.07523435e+02   0.00000000e+00   1.55311629e+02
  -1.38197789e+02  -1.55311629e+02   0.00000000e+00
   0.00000000e+00   1.11167553e+02   1.42881504e+02
  -1.11167553e+02   0.00000000e+00   1.60575355e+02
  -1.42881504e+02  -1.60575355e+02   0.00000000e+00
   0.00000000e+00   1.13074479e+02   1.45332438e+02
  -1.13074479e+02   0.00000000e+00   1.63329803e+02
  -1.45332438e+02  -1.63329803e+02   0.00000000e+00
   0.00000000e+00   1.13137434e+02   1.45413353e+02
  -1.13137434e+02   0.00000000e+00   1.63420738e+02
  -1.45413353e+02  -1.63420738e+02   0.00000000e+00
   0.00000000e+00   1.11301012e+02   1.43053035e+02
  -1.11301012e+02   0.00000000e+00   1.60768128e+02
  -1.43053035e+02  -1.60768128e+02   0.00000000e+00
   0.00000000e+00   1.07569178e+02   1.38256581e+02
  -1.07569178e+02   0.00000000e+00   1.55377701e+02
  -1.38256581e+02  -1.55377701e+02   0.00000000e+00
   0.00000000e+00   1.02010424e+02   1.31112023e+02
  -1.02010424e+02   0.00000000e+00   1.47348390e+02
  -1.31112023e+02  -1.47348390e+02   0.00000000e+00
   0.00000000e+00   9.47588289e+01   1.21791688e+02
  -9.47588289e+01   0.00000000e+00   1.36873864e+02
  -1.21791688e+02  -1.36873864e+02   0.00000000e+00
   0.00000000e+00   8.60104721e+01   1.10547594e+02
  -8.60104721e+01   0.00000000e+00   1.24237349e+02
  -1.10547594e+02  -1.24237349e+02   0.00000000e+00
   0.00000000e+00   7.60154598e+01   9.77011984e+01
  -7.60154598e+01   0.00000000e+00   1.09800109e+02
  -9.77011984e+01  -1.09800109e+02   0.00000000e+00
   0.00000000e+00   6.50665351e+01   8.36287576e+01
  -6.50665351e+01   0.00000000e+00   9.39849952e+01
  -8.36287576e+01  -9.39849952e+01   0.00000000e+00
   0.00000000e+00   5.34857150e+01   6.87441537e+01
  -5.34857150e+01   0.00000000e+00   7.72571439e+01
  -6.87441537e+01  -7.72571439e+01   0.00000000e+00
   0.00000000e+00   4.16105188e+01   5.34811940e+01
  -4.16105188e+01   0.00000000e+00   6.01040826e+01
  -5.34811940e+01  -6.01040826e+01   0.00000000e+00
   0.00000000e+00   2.97811469e+01   3.82771314e+01
  -2.97811469e+01   0.00000000e+00   4.30172122e+01
  -3.82771314e+01  -4.30172122e+01   0.00000000e+00
   0.00000000e+00   1.83295030e+01   2.35585553e+01
  -1.83295030e+01   0.00000000e+00   2.64759488e+01
  -2.35585553e+01  -2.64759488e+01   0.00000000e+00
